date,heat_runtime,cool_runtime,auxiliary_heat_runtime_00,emergency_heat_runtime_00,cooling_setpoint_00,heating_setpoint_00,temp_in_00,auxiliary_heat_runtime_01,emergency_heat_runtime_01,cooling_setpoint_01,heating_setpoint_01,temp_in_01,auxiliary_heat_runtime_02,emergency_heat_runtime_02,cooling_setpoint_02,heating_setpoint_02,temp_in_02,auxiliary_heat_runtime_03,emergency_heat_runtime_03,cooling_setpoint_03,heating_setpoint_03,temp_in_03,auxiliary_heat_runtime_04,emergency_heat_runtime_04,cooling_setpoint_04,heating_setpoint_04,temp_in_04,auxiliary_heat_runtime_05,emergency_heat_runtime_05,cooling_setpoint_05,heating_setpoint_05,temp_in_05,auxiliary_heat_runtime_06,emergency_heat_runtime_06,cooling_setpoint_06,heating_setpoint_06,temp_in_06,auxiliary_heat_runtime_07,emergency_heat_runtime_07,cooling_setpoint_07,heating_setpoint_07,temp_in_07,auxiliary_heat_runtime_08,emergency_heat_runtime_08,cooling_setpoint_08,heating_setpoint_08,temp_in_08,auxiliary_heat_runtime_09,emergency_heat_runtime_09,cooling_setpoint_09,heating_setpoint_09,temp_in_09,auxiliary_heat_runtime_10,emergency_heat_runtime_10,cooling_setpoint_10,heating_setpoint_10,temp_in_10,auxiliary_heat_runtime_11,emergency_heat_runtime_11,cooling_setpoint_11,heating_setpoint_11,temp_in_11,auxiliary_heat_runtime_12,emergency_heat_runtime_12,cooling_setpoint_12,heating_setpoint_12,temp_in_12,auxiliary_heat_runtime_13,emergency_heat_runtime_13,cooling_setpoint_13,heating_setpoint_13,temp_in_13,auxiliary_heat_runtime_14,emergency_heat_runtime_14,cooling_setpoint_14,heating_setpoint_14,temp_in_14,auxiliary_heat_runtime_15,emergency_heat_runtime_15,cooling_setpoint_15,heating_setpoint_15,temp_in_15,auxiliary_heat_runtime_16,emergency_heat_runtime_16,cooling_setpoint_16,heating_setpoint_16,temp_in_16,auxiliary_heat_runtime_17,emergency_heat_runtime_17,cooling_setpoint_17,heating_setpoint_17,temp_in_17,auxiliary_heat_runtime_18,emergency_heat_runtime_18,cooling_setpoint_18,heating_setpoint_18,temp_in_18,auxiliary_heat_runtime_19,emergency_heat_runtime_19,cooling_setpoint_19,heating_setpoint_19,temp_in_19,auxiliary_heat_runtime_20,emergency_heat_runtime_20,cooling_setpoint_20,heating_setpoint_20,temp_in_20,auxiliary_heat_runtime_21,emergency_heat_runtime_21,cooling_setpoint_21,heating_setpoint_21,temp_in_21,auxiliary_heat_runtime_22,emergency_heat_runtime_22,cooling_setpoint_22,heating_setpoint_22,temp_in_22,auxiliary_heat_runtime_23,emergency_heat_runtime_23,cooling_setpoint_23,heating_setpoint_23,temp_in_232024-01-29,183.07,0.28,0,0,78.0,78.0,65.0,0,0,78.0,78.0,65.0,0,0,78.0,78.0,65.0,0,0,78.0,78.0,65.0,0,0,78.0,78.0,65.0,0,0,78.0,78.0,65.0,0,0,78.0,78.0,65.0,0,0,78.0,78.0,65.0,0,0,78.0,78.0,65.0,0,0,78.0,78.0,65.0,0,0,78.0,78.0,65.0,0,0,78.0,78.0,65.0,0,0,78.0,78.0,65.0,0,0,78.0,78.0,65.0,0,0,78.0,78.0,65.0,0,0,78.0,78.0,65.0,0,0,78.0,78.0,65.0,0,0,78.0,78.0,65.0,0,0,78.0,78.0,65.0,0,0,78.0,78.0,65.0,0,0,71.3,71.3,64.63,0,0,68.0,68.0,65.75,0,0,68.0,68.0,64.0,0,0,68.0,68.0,36.562024-01-30,0.0,0.0,0,0,68.0,68.0,64.5,0,0,68.0,68.0,64.0,0,0,68.0,68.0,64.0,0,0,68.0,68.0,63.0,0,0,68.0,68.0,63.0,0,0,68.0,68.0,63.0,0,0,68.0,68.0,62.0,0,0,68.0,68.0,62.0,0,0,68.0,68.0,62.0,0,0,68.0,68.0,62.0,0,0,68.0,68.0,61.0,0,0,68.0,68.0,61.0,0,0,68.0,68.0,61.0,0,0,68.0,68.0,61.0,0,0,68.0,68.0,61.0,0,0,68.0,68.0,61.0,0,0,68.0,68.0,61.0,0,0,68.0,68.0,61.0,0,0,68.0,68.0,61.0,0,0,68.0,68.0,62.0,0,0,68.0,68.0,62.0,0,0,68.0,68.0,63.0,0,0,68.0,68.0,63.0,0,0,68.0,68.0,63.02024-01-31,0.0,0.0,0,0,68.0,68.0,63.0,0,0,68.0,68.0,63.0,0,0,68.0,68.0,63.0,0,0,68.0,68.0,63.0,0,0,68.0,68.0,63.0,0,0,68.0,68.0,63.0,0,0,68.0,68.0,63.0,0,0,68.0,68.0,63.0,0,0,68.0,68.0,63.0,0,0,68.0,68.0,63.0,0,0,68.0,68.0,62.0,0,0,68.0,68.0,62.0,0,0,68.0,68.0,62.0,0,0,68.0,68.0,62.0,0,0,68.0,68.0,62.0,0,0,68.0,68.0,62.0,0,0,68.0,68.0,62.0,0,0,68.0,68.0,62.0,0,0,68.0,68.0,62.0,0,0,68.0,68.0,62.0,0,0,68.0,68.0,62.0,0,0,68.0,68.0,62.0,0,0,68.0,68.0,62.0,0,0,68.0,68.0,62.02024-02-01,459.85,0.0,0,0,68.0,68.0,62.0,0,0,68.0,68.0,62.0,0,0,68.0,68.0,62.0,0,0,68.0,68.0,62.0,0,0,68.0,68.0,62.0,0,0,68.0,68.0,61.0,0,0,68.0,68.0,62.0,0,0,68.0,68.0,62.0,0,0,68.0,68.0,62.0,0,0,68.0,68.0,62.0,0,0,68.0,68.0,62.0,0,0,68.0,68.0,62.0,0,0,68.0,68.0,20.67,0,0,68.0,68.0,62.0,0,0,68.0,68.0,62.0,0,0,68.0,68.0,62.0,0,0,68.0,68.0,62.0,0,0,68.0,68.0,62.0,0,0,68.0,68.0,62.0,0,0,68.0,68.0,62.0,0,0,68.0,68.0,63.0,0,0,68.0,68.0,63.0,0,0,68.0,68.0,63.0,0,0,68.0,68.0,63.52024-02-02,150.12,0.0,0,0,68.0,68.0,64.0,0,0,68.0,68.0,64.0,0,0,68.0,68.0,64.0,0,0,68.0,68.0,64.0,0,0,68.0,68.0,64.0,0,0,68.0,68.0,63.0,0,0,68.0,68.0,63.0,0,0,68.0,68.0,63.0,0,0,68.0,68.0,63.0,0,0,68.0,68.0,63.0,0,0,68.0,68.0,63.0,0,0,68.0,68.0,62.0,0,0,68.0,68.0,62.0,0,0,68.0,68.0,62.0,0,0,68.0,68.0,63.0,0,0,68.0,68.0,63.0,0,0,68.0,68.0,63.0,0,0,68.0,68.0,63.0,0,0,68.0,68.0,63.0,0,0,68.0,68.0,63.0,0,0,68.0,68.0,63.0,0,0,68.0,68.0,63.0,0,0,68.0,68.0,63.67,0,0,68.0,68.0,64.02024-02-03,0.0,0.0,0,0,68.0,68.0,64.0,0,0,68.0,68.0,64.0,0,0,68.0,68.0,64.0,0,0,68.0,68.0,64.0,0,0,68.0,68.0,63.0,0,0,68.0,68.0,63.0,0,0,68.0,68.0,63.0,0,0,68.0,68.0,63.0,0,0,68.0,68.0,63.0,0,0,68.0,68.0,62.67,0,0,68.0,68.0,62.0,0,0,68.0,68.0,62.0,0,0,68.0,68.0,62.0,0,0,68.0,68.0,62.0,0,0,68.0,68.0,62.0,0,0,68.0,68.0,62.5,0,0,68.0,68.0,63.0,0,0,68.0,68.0,63.0,0,0,68.0,68.0,64.0,0,0,68.0,68.0,64.0,0,0,68.0,68.0,64.0,0,0,68.0,68.0,65.0,0,0,68.0,68.0,65.0,0,0,68.0,68.0,65.02024-02-04,0.0,0.0,0,0,68.0,68.0,65.33,0,0,68.0,68.0,66.0,0,0,68.0,68.0,66.0,0,0,68.0,68.0,66.0,0,0,68.0,68.0,66.0,0,0,68.0,68.0,65.0,0,0,68.0,68.0,65.0,0,0,68.0,68.0,65.0,0,0,68.0,68.0,65.0,0,0,68.0,68.0,64.0,0,0,68.0,68.0,64.0,0,0,68.0,68.0,64.0,0,0,68.0,68.0,64.0,0,0,68.0,68.0,64.0,0,0,68.0,68.0,64.0,0,0,68.0,68.0,64.0,0,0,68.0,68.0,64.0,0,0,68.0,68.0,64.0,0,0,68.0,68.0,64.0,0,0,68.0,68.0,64.5,0,0,68.0,68.0,65.0,0,0,68.0,68.0,65.0,0,0,68.0,68.0,65.0,0,0,68.0,68.0,65.02024-02-05,0.0,0.0,0,0,68.0,68.0,65.0,0,0,68.0,68.0,65.0,0,0,68.0,68.0,65.0,0,0,68.0,68.0,65.0,0,0,68.0,68.0,65.0,0,0,68.0,68.0,65.0,0,0,68.0,68.0,65.0,0,0,68.0,68.0,65.0,0,0,68.0,68.0,65.0,0,0,68.0,68.0,65.0,0,0,68.0,68.0,64.0,0,0,68.0,68.0,64.0,0,0,68.0,68.0,64.0,0,0,68.0,68.0,64.0,0,0,68.0,68.0,64.0,0,0,68.0,68.0,64.0,0,0,68.0,68.0,64.0,0,0,68.0,68.0,64.0,0,0,68.0,68.0,64.0,0,0,68.0,68.0,64.0,0,0,68.0,68.0,64.0,0,0,68.0,68.0,64.0,0,0,68.0,68.0,65.0,0,0,68.0,68.0,65.02024-02-06,330.15,0.0,0,0,68.0,68.0,65.0,0,0,68.0,68.0,64.0,0,0,68.0,68.0,64.0,0,0,68.0,68.0,64.0,0,0,68.0,68.0,64.0,0,0,68.0,68.0,64.0,0,0,68.0,68.0,64.0,0,0,68.0,68.0,64.0,0,0,68.0,68.0,64.0,0,0,68.0,68.0,63.0,0,0,68.0,68.0,63.0,0,0,68.0,68.0,63.0,0,0,68.0,68.0,63.0,0,0,68.0,68.0,63.0,0,0,68.0,68.0,64.0,0,0,68.0,68.0,64.0,0,0,68.0,68.0,64.0,0,0,68.0,68.0,64.0,0,0,68.0,68.0,64.0,0,0,68.0,68.0,64.0,0,0,68.0,68.0,64.0,0,0,68.0,68.0,64.0,0,0,68.0,68.0,64.0,0,0,68.0,68.0,64.02024-02-07,450.1,0.0,0,0,68.0,68.0,64.0,0,0,68.0,68.0,64.0,0,0,68.0,68.0,64.0,0,0,68.0,68.0,64.0,0,0,68.0,68.0,63.0,0,0,68.0,68.0,63.0,0,0,68.0,68.0,63.0,0,0,68.0,68.0,63.0,0,0,68.0,68.0,62.5,0,0,68.0,68.0,63.0,0,0,68.0,68.0,63.0,0,0,68.0,68.0,63.0,0,0,68.0,68.0,63.0,0,0,68.0,68.0,63.0,0,0,68.0,68.0,63.0,0,0,68.0,68.0,63.0,0,0,68.0,68.0,63.0,0,0,68.0,68.0,63.0,0,0,68.0,68.0,63.0,0,0,68.0,68.0,63.0,0,0,68.0,68.0,63.0,0,0,68.0,68.0,64.0,0,0,68.0,68.0,64.0,0,0,68.0,68.0,64.02024-02-08,180.13,0.0,0,0,68.0,68.0,64.0,0,0,68.0,68.0,64.0,0,0,68.0,68.0,64.0,0,0,68.0,68.0,63.0,0,0,68.0,68.0,63.0,0,0,68.0,68.0,63.0,0,0,68.0,68.0,63.0,0,0,68.0,68.0,63.0,0,0,68.0,68.0,62.67,0,0,68.0,68.0,62.0,0,0,68.0,68.0,62.0,0,0,68.0,68.0,62.0,0,0,68.0,68.0,62.0,0,0,68.0,68.0,62.0,0,0,68.0,68.0,63.0,0,0,68.0,68.0,63.0,0,0,68.0,68.0,63.0,0,0,68.0,68.0,63.0,0,0,68.0,68.0,63.0,0,0,68.0,68.0,63.0,0,0,68.0,68.0,63.0,0,0,68.0,68.0,63.0,0,0,68.0,68.0,63.0,0,0,68.0,68.0,63.02024-02-09,0.0,0.0,0,0,68.0,68.0,63.0,0,0,68.0,68.0,63.0,0,0,68.0,68.0,63.0,0,0,68.0,68.0,63.0,0,0,68.0,68.0,63.0,0,0,68.0,68.0,63.0,0,0,68.0,68.0,63.0,0,0,68.0,68.0,63.0,0,0,68.0,68.0,63.0,0,0,68.0,68.0,62.0,0,0,68.0,68.0,62.0,0,0,68.0,68.0,62.0,0,0,68.0,68.0,62.0,0,0,68.0,68.0,62.0,0,0,68.0,68.0,63.0,0,0,68.0,68.0,63.0,0,0,68.0,68.0,62.33,0,0,68.0,68.0,62.0,0,0,68.0,68.0,62.0,0,0,68.0,68.0,62.0,0,0,68.0,68.0,62.0,0,0,68.0,68.0,63.0,0,0,68.0,68.0,63.0,0,0,68.0,68.0,63.02024-02-10,0.0,0.0,0,0,68.0,68.0,63.0,0,0,68.0,68.0,63.0,0,0,68.0,68.0,63.0,0,0,68.0,68.0,63.0,0,0,68.0,68.0,63.0,0,0,68.0,68.0,63.0,0,0,68.0,68.0,63.0,0,0,68.0,68.0,63.0,0,0,68.0,68.0,63.0,0,0,68.0,68.0,63.0,0,0,68.0,68.0,63.0,0,0,68.0,68.0,63.0,0,0,68.0,68.0,63.0,0,0,68.0,68.0,63.0,0,0,68.0,68.0,63.0,0,0,68.0,68.0,63.0,0,0,68.0,68.0,64.0,0,0,68.0,68.0,64.0,0,0,68.0,68.0,64.0,0,0,68.0,68.0,65.0,0,0,68.0,68.0,65.0,0,0,68.0,68.0,65.0,0,0,68.0,68.0,65.0,0,0,68.0,68.0,65.02024-02-11,0.0,0.0,0,0,68.0,68.0,65.0,0,0,68.0,68.0,65.0,0,0,68.0,68.0,65.0,0,0,68.0,68.0,65.0,0,0,68.0,68.0,65.0,0,0,68.0,68.0,65.0,0,0,68.0,68.0,65.0,0,0,68.0,68.0,65.0,0,0,68.0,68.0,65.0,0,0,68.0,68.0,65.0,0,0,68.0,68.0,65.0,0,0,68.0,68.0,65.0,0,0,68.0,68.0,65.0,0,0,68.0,68.0,65.0,0,0,68.0,68.0,65.0,0,0,68.0,68.0,65.0,0,0,68.0,68.0,65.0,0,0,68.0,68.0,65.0,0,0,68.0,68.0,65.0,0,0,68.0,68.0,66.0,0,0,68.0,68.0,66.0,0,0,68.0,68.0,66.0,0,0,68.0,68.0,66.0,0,0,68.0,68.0,66.02024-02-12,0.0,0.0,0,0,68.0,68.0,66.0,0,0,68.0,68.0,66.0,0,0,68.0,68.0,66.0,0,0,68.0,68.0,66.0,0,0,68.0,68.0,66.0,0,0,68.0,68.0,66.0,0,0,68.0,68.0,66.0,0,0,68.0,68.0,66.0,0,0,68.0,68.0,66.0,0,0,68.0,68.0,66.0,0,0,68.0,68.0,66.0,0,0,68.0,68.0,65.0,0,0,68.0,68.0,65.0,0,0,68.0,68.0,65.0,0,0,68.0,68.0,65.0,0,0,68.0,68.0,65.0,0,0,68.0,68.0,65.0,0,0,68.0,68.0,65.0,0,0,68.0,68.0,65.0,0,0,68.0,68.0,65.0,0,0,68.0,68.0,65.0,0,0,68.0,68.0,65.5,0,0,68.0,68.0,66.0,0,0,68.0,68.0,66.02024-02-13,0.0,0.0,0,0,68.0,68.0,66.0,0,0,68.0,68.0,66.0,0,0,68.0,68.0,66.0,0,0,68.0,68.0,66.0,0,0,68.0,68.0,65.5,0,0,68.0,68.0,65.0,0,0,68.0,68.0,65.0,0,0,68.0,68.0,65.0,0,0,68.0,68.0,64.0,0,0,68.0,68.0,64.0,0,0,68.0,68.0,64.0,0,0,68.0,68.0,64.0,0,0,68.0,68.0,63.0,0,0,68.0,68.0,63.0,0,0,68.0,68.0,63.0,0,0,68.0,68.0,63.0,0,0,68.0,68.0,63.0,0,0,68.0,68.0,63.0,0,0,68.0,68.0,63.0,0,0,68.0,68.0,63.0,0,0,68.0,68.0,63.0,0,0,68.0,68.0,63.0,0,0,68.0,68.0,63.0,0,0,68.0,68.0,63.02024-02-14,1080.03,0.0,0,0,68.0,68.0,63.0,0,0,68.0,68.0,63.0,0,0,68.0,68.0,63.0,0,0,68.0,68.0,62.0,0,0,68.0,68.0,62.0,0,0,68.0,68.0,62.0,0,0,68.0,68.0,61.33,0,0,68.0,68.0,62.0,0,0,68.0,68.0,62.0,0,0,68.0,68.0,62.0,0,0,68.0,68.0,62.0,0,0,68.0,68.0,62.0,0,0,68.0,68.0,62.0,0,0,68.0,68.0,62.0,0,0,68.0,68.0,63.0,0,0,68.0,68.0,63.0,0,0,68.0,68.0,63.0,0,0,68.0,68.0,63.0,0,0,68.0,68.0,64.0,0,0,68.0,68.0,64.0,0,0,68.0,68.0,64.0,0,0,68.0,68.0,64.5,0,0,68.0,68.0,65.0,0,0,68.0,68.0,65.02024-02-15,1455.02,0.0,0,0,68.0,68.0,65.0,0,0,68.0,68.0,65.0,0,0,68.0,68.0,65.0,0,0,68.0,68.0,65.0,0,0,68.0,68.0,65.0,0,0,68.0,68.0,65.0,0,0,68.0,68.0,64.0,0,0,68.0,68.0,64.0,0,0,68.0,68.0,64.0,0,0,68.0,68.0,64.0,0,0,68.0,68.0,64.0,0,0,68.0,68.0,63.0,0,0,68.0,68.0,63.0,0,0,68.0,68.0,63.0,0,0,68.0,68.0,63.0,0,0,68.0,68.0,63.0,0,0,68.0,68.0,64.0,0,0,68.0,68.0,64.0,0,0,68.0,68.0,64.0,0,0,68.0,68.0,65.0,0,0,68.0,68.0,65.0,0,0,68.0,68.0,65.0,0,0,68.0,68.0,65.0,0,0,68.0,68.0,66.02024-02-16,60.08,0.0,0,0,68.0,68.0,66.0,0,0,68.0,68.0,66.0,0,0,68.0,68.0,66.0,0,0,68.0,68.0,65.0,0,0,68.0,68.0,65.0,0,0,68.0,68.0,65.0,0,0,68.0,68.0,64.27,0,0,68.0,68.0,64.0,0,0,68.0,68.0,64.0,0,0,68.0,68.0,63.0,0,0,68.0,68.0,63.0,0,0,68.0,68.0,63.0,0,0,68.0,68.0,63.0,0,0,68.0,68.0,63.0,0,0,68.0,68.0,63.0,0,0,68.0,68.0,63.0,0,0,68.0,68.0,63.0,0,0,68.0,68.0,63.0,0,0,68.0,68.0,63.0,0,0,68.0,68.0,63.0,0,0,68.0,68.0,64.0,0,0,68.0,68.0,64.0,0,0,68.0,68.0,64.0,0,0,68.0,68.0,64.02024-02-17,0.0,0.0,0,0,68.0,68.0,64.0,0,0,68.0,68.0,64.0,0,0,68.0,68.0,64.0,0,0,68.0,68.0,64.0,0,0,68.0,68.0,64.0,0,0,68.0,68.0,64.0,0,0,68.0,68.0,64.0,0,0,68.0,68.0,64.0,0,0,68.0,68.0,64.0,0,0,68.0,68.0,63.5,0,0,68.0,68.0,63.0,0,0,68.0,68.0,63.0,0,0,68.0,68.0,63.0,0,0,68.0,68.0,63.0,0,0,68.0,68.0,62.0,0,0,68.0,68.0,62.0,0,0,68.0,68.0,62.0,0,0,68.0,68.0,62.0,0,0,68.0,68.0,62.0,0,0,68.0,68.0,62.0,0,0,68.0,68.0,62.0,0,0,68.0,68.0,61.5,0,0,68.0,68.0,61.0,0,0,68.0,68.0,61.02024-02-18,945.1,0.0,0,0,68.0,68.0,61.0,0,0,68.0,68.0,61.0,0,0,68.0,68.0,61.0,0,0,68.0,68.0,61.0,0,0,68.0,68.0,61.0,0,0,68.0,68.0,61.0,0,0,68.0,68.0,61.0,0,0,68.0,68.0,61.0,0,0,68.0,68.0,61.0,0,0,68.0,68.0,61.0,0,0,68.0,68.0,61.0,0,0,68.0,68.0,62.0,0,0,68.0,68.0,62.0,0,0,68.0,68.0,62.0,0,0,68.0,68.0,62.0,0,0,68.0,68.0,62.0,0,0,68.0,68.0,62.0,0,0,68.0,68.0,63.0,0,0,68.0,68.0,63.0,0,0,68.0,68.0,63.0,0,0,68.0,68.0,63.0,0,0,68.0,68.0,63.0,0,0,68.0,68.0,63.0,0,0,68.0,68.0,63.02024-02-19,765.1,0.0,0,0,68.0,68.0,63.0,0,0,68.0,68.0,63.0,0,0,68.0,68.0,63.0,0,0,68.0,68.0,62.25,0,0,68.0,68.0,62.0,0,0,68.0,68.0,63.0,0,0,68.0,68.0,63.0,0,0,68.0,68.0,63.0,0,0,68.0,68.0,62.0,0,0,68.0,68.0,62.0,0,0,68.0,68.0,62.0,0,0,68.0,68.0,62.0,0,0,68.0,68.0,62.0,0,0,68.0,68.0,62.0,0,0,68.0,68.0,62.0,0,0,68.0,68.0,62.5,0,0,68.0,68.0,63.0,0,0,68.0,68.0,63.0,0,0,68.0,68.0,63.0,0,0,68.0,68.0,63.0,0,0,68.0,68.0,63.0,0,0,68.0,68.0,63.0,0,0,68.0,68.0,63.0,0,0,68.0,68.0,63.02024-02-20,570.08,0.0,0,0,68.0,68.0,63.0,0,0,68.0,68.0,63.0,0,0,68.0,68.0,63.0,0,0,68.0,68.0,62.0,0,0,68.0,68.0,62.0,0,0,68.0,68.0,62.0,0,0,68.0,68.0,62.0,0,0,68.0,68.0,62.0,0,0,68.0,68.0,62.0,0,0,68.0,68.0,62.0,0,0,68.0,68.0,62.0,0,0,68.0,68.0,62.0,0,0,68.0,68.0,62.0,0,0,68.0,68.0,62.0,0,0,68.0,68.0,62.0,0,0,68.0,68.0,62.0,0,0,68.0,68.0,63.0,0,0,68.0,68.0,63.0,0,0,68.0,68.0,63.0,0,0,68.0,68.0,63.0,0,0,68.0,68.0,63.0,0,0,68.0,68.0,63.0,0,0,68.0,68.0,63.0,0,0,68.0,68.0,63.02024-02-21,420.12,0.0,0,0,68.0,68.0,63.0,0,0,68.0,68.0,64.0,0,0,68.0,68.0,64.0,0,0,68.0,68.0,63.0,0,0,68.0,68.0,63.0,0,0,68.0,68.0,63.0,0,0,68.0,68.0,63.0,0,0,68.0,68.0,62.0,0,0,68.0,68.0,62.0,0,0,68.0,68.0,62.0,0,0,68.0,68.0,62.0,0,0,68.0,68.0,62.0,0,0,68.0,68.0,62.0,0,0,68.0,68.0,62.0,0,0,68.0,68.0,62.0,0,0,68.0,68.0,62.0,0,0,68.0,68.0,62.0,0,0,68.0,68.0,62.0,0,0,68.0,68.0,62.0,0,0,68.0,68.0,62.0,0,0,68.0,68.0,62.5,0,0,68.0,68.0,63.0,0,0,68.0,68.0,63.0,0,0,68.0,68.0,63.02024-02-22,0.0,0.0,0,0,68.0,68.0,63.0,0,0,68.0,68.0,63.0,0,0,68.0,68.0,63.0,0,0,68.0,68.0,63.0,0,0,68.0,68.0,63.0,0,0,68.0,68.0,63.0,0,0,68.0,68.0,63.0,0,0,68.0,68.0,63.0,0,0,68.0,68.0,62.0,0,0,68.0,68.0,62.0,0,0,68.0,68.0,62.0,0,0,68.0,68.0,62.0,0,0,68.0,68.0,62.0,0,0,68.0,68.0,61.0,0,0,68.0,68.0,61.0,0,0,68.0,68.0,61.0,0,0,68.0,68.0,62.0,0,0,68.0,68.0,62.0,0,0,68.0,68.0,62.0,0,0,68.0,68.0,63.0,0,0,68.0,68.0,63.0,0,0,68.0,68.0,63.0,0,0,68.0,68.0,64.0,0,0,68.0,68.0,64.02024-02-23,0.0,0.0,0,0,68.0,68.0,64.0,0,0,68.0,68.0,64.0,0,0,68.0,68.0,64.0,0,0,68.0,68.0,64.0,0,0,68.0,68.0,64.0,0,0,68.0,68.0,64.0,0,0,68.0,68.0,64.0,0,0,68.0,68.0,64.0,0,0,68.0,68.0,64.0,0,0,68.0,68.0,64.0,0,0,68.0,68.0,64.0,0,0,68.0,68.0,64.0,0,0,68.0,68.0,64.0,0,0,68.0,68.0,64.0,0,0,68.0,68.0,64.0,0,0,68.0,68.0,64.0,0,0,68.0,68.0,64.0,0,0,68.0,68.0,64.0,0,0,68.0,68.0,64.0,0,0,68.0,68.0,64.0,0,0,68.0,68.0,65.0,0,0,68.0,68.0,65.0,0,0,68.0,68.0,65.0,0,0,68.0,68.0,65.02024-02-24,0.0,0.0,0,0,68.0,68.0,65.0,0,0,68.0,68.0,65.0,0,0,68.0,68.0,65.0,0,0,68.0,68.0,65.0,0,0,68.0,68.0,64.0,0,0,68.0,68.0,64.0,0,0,68.0,68.0,64.0,0,0,68.0,68.0,64.0,0,0,68.0,68.0,64.0,0,0,68.0,68.0,63.0,0,0,68.0,68.0,63.0,0,0,68.0,68.0,63.0,0,0,68.0,68.0,63.0,0,0,68.0,68.0,62.0,0,0,68.0,68.0,62.0,0,0,68.0,68.0,62.0,0,0,68.0,68.0,62.0,0,0,68.0,68.0,62.0,0,0,68.0,68.0,62.0,0,0,68.0,68.0,63.0,0,0,68.0,68.0,63.0,0,0,68.0,68.0,63.0,0,0,68.0,68.0,62.0,0,0,68.0,68.0,62.02024-02-25,630.13,0.0,0,0,68.0,68.0,62.0,0,0,68.0,68.0,62.0,0,0,68.0,68.0,61.0,0,0,68.0,68.0,61.0,0,0,68.0,68.0,61.0,0,0,68.0,68.0,61.0,0,0,68.0,68.0,61.5,0,0,68.0,68.0,62.0,0,0,68.0,68.0,62.0,0,0,68.0,68.0,62.0,0,0,68.0,68.0,62.0,0,0,68.0,68.0,62.0,0,0,68.0,68.0,62.0,0,0,68.0,68.0,62.0,0,0,68.0,68.0,62.0,0,0,68.0,68.0,62.0,0,0,68.0,68.0,62.0,0,0,68.0,68.0,62.0,0,0,68.0,68.0,62.0,0,0,68.0,68.0,62.0,0,0,68.0,68.0,62.0,0,0,68.0,68.0,62.0,0,0,68.0,68.0,62.0,0,0,68.0,68.0,62.02024-02-26,0.0,0.0,0,0,68.0,68.0,62.5,0,0,68.0,68.0,63.0,0,0,68.0,68.0,63.0,0,0,68.0,68.0,63.0,0,0,68.0,68.0,63.0,0,0,68.0,68.0,63.0,0,0,68.0,68.0,63.0,0,0,68.0,68.0,62.0,0,0,68.0,68.0,62.0,0,0,68.0,68.0,62.0,0,0,68.0,68.0,62.0,0,0,68.0,68.0,62.0,0,0,68.0,68.0,61.5,0,0,68.0,68.0,61.0,0,0,68.0,68.0,61.0,0,0,68.0,68.0,61.0,0,0,68.0,68.0,61.0,0,0,68.0,68.0,62.0,0,0,68.0,68.0,62.0,0,0,68.0,68.0,63.0,0,0,68.0,68.0,63.0,0,0,68.0,68.0,63.5,0,0,68.0,68.0,64.0,0,0,68.0,68.0,64.02024-02-27,0.0,0.0,0,0,68.0,68.0,64.0,0,0,68.0,68.0,64.0,0,0,68.0,68.0,64.0,0,0,68.0,68.0,64.0,0,0,68.0,68.0,64.0,0,0,68.0,68.0,65.0,0,0,68.0,68.0,65.0,0,0,68.0,68.0,65.0,0,0,68.0,68.0,65.0,0,0,68.0,68.0,65.0,0,0,68.0,68.0,65.0,0,0,68.0,68.0,65.0,0,0,68.0,68.0,65.0,0,0,68.0,68.0,65.0,0,0,68.0,68.0,65.0,0,0,68.0,68.0,65.0,0,0,68.0,68.0,65.0,0,0,68.0,68.0,65.0,0,0,68.0,68.0,65.0,0,0,68.0,68.0,65.0,0,0,68.0,68.0,65.0,0,0,68.0,68.0,65.67,0,0,68.0,68.0,66.0,0,0,68.0,68.0,66.02024-02-28,0.0,0.0,0,0,68.0,68.0,66.0,0,0,68.0,68.0,66.0,0,0,68.0,68.0,66.0,0,0,68.0,68.0,66.0,0,0,68.0,68.0,66.0,0,0,68.0,68.0,66.0,0,0,68.0,68.0,66.0,0,0,68.0,68.0,66.0,0,0,68.0,68.0,66.0,0,0,68.0,68.0,66.0,0,0,68.0,68.0,67.0,0,0,68.0,68.0,67.0,0,0,68.0,68.0,67.0,0,0,68.0,68.0,67.0,0,0,68.0,68.0,67.0,0,0,68.0,68.0,67.0,0,0,68.0,68.0,67.0,0,0,68.0,68.0,67.0,0,0,68.0,68.0,67.0,0,0,68.0,68.0,67.0,0,0,68.0,68.0,67.0,0,0,68.0,68.0,67.0,0,0,68.0,68.0,67.0,0,0,68.0,68.0,66.02024-02-29,525.1,0.0,0,0,68.0,68.0,66.0,0,0,68.0,68.0,66.0,0,0,68.0,68.0,65.0,0,0,68.0,68.0,65.0,0,0,68.0,68.0,64.67,0,0,68.0,68.0,64.33,0,0,68.0,68.0,64.0,0,0,68.0,68.0,63.0,0,0,68.0,68.0,63.0,0,0,68.0,68.0,63.0,0,0,68.0,68.0,63.0,0,0,68.0,68.0,63.0,0,0,68.0,68.0,63.0,0,0,68.0,68.0,63.0,0,0,68.0,68.0,63.0,0,0,68.0,68.0,63.0,0,0,68.0,68.0,63.0,0,0,68.0,68.0,63.0,0,0,68.0,68.0,63.0,0,0,68.0,68.0,63.0,0,0,68.0,68.0,63.0,0,0,68.0,68.0,63.0,0,0,68.0,68.0,63.0,0,0,68.0,68.0,63.02024-03-01,0.0,0.0,0,0,68.0,68.0,63.0,0,0,68.0,68.0,63.0,0,0,68.0,68.0,63.0,0,0,68.0,68.0,63.0,0,0,68.0,68.0,63.0,0,0,68.0,68.0,63.0,0,0,68.0,68.0,62.0,0,0,68.0,68.0,62.0,0,0,68.0,68.0,62.0,0,0,68.0,68.0,62.0,0,0,68.0,68.0,62.0,0,0,68.0,68.0,62.0,0,0,68.0,68.0,62.0,0,0,68.0,68.0,62.0,0,0,68.0,68.0,62.0,0,0,68.0,68.0,62.0,0,0,68.0,68.0,62.0,0,0,68.0,68.0,62.0,0,0,68.0,68.0,62.0,0,0,68.0,68.0,62.0,0,0,68.0,68.0,62.0,0,0,68.0,68.0,62.0,0,0,68.0,68.0,62.0,0,0,68.0,68.0,62.02024-03-02,0.0,0.0,0,0,68.0,68.0,62.0,0,0,68.0,68.0,62.0,0,0,68.0,68.0,62.0,0,0,68.0,68.0,62.0,0,0,68.0,68.0,62.0,0,0,68.0,68.0,62.0,0,0,68.0,68.0,62.0,0,0,68.0,68.0,62.0,0,0,68.0,68.0,62.0,0,0,68.0,68.0,62.0,0,0,68.0,68.0,62.0,0,0,68.0,68.0,62.0,0,0,68.0,68.0,62.0,0,0,68.0,68.0,62.0,0,0,68.0,68.0,62.0,0,0,68.0,68.0,63.0,0,0,68.0,68.0,63.0,0,0,68.0,68.0,63.0,0,0,68.0,68.0,64.0,0,0,68.0,68.0,64.0,0,0,68.0,68.0,64.0,0,0,68.0,68.0,64.0,0,0,68.0,68.0,64.67,0,0,68.0,68.0,65.02024-03-03,0.0,0.0,0,0,68.0,68.0,65.0,0,0,68.0,68.0,65.0,0,0,68.0,68.0,65.0,0,0,68.0,68.0,65.0,0,0,68.0,68.0,65.0,0,0,68.0,68.0,65.0,0,0,68.0,68.0,65.0,0,0,68.0,68.0,65.0,0,0,68.0,68.0,65.0,0,0,68.0,68.0,65.0,0,0,68.0,68.0,65.0,0,0,68.0,68.0,65.0,0,0,68.0,68.0,64.0,0,0,68.0,68.0,64.0,0,0,68.0,68.0,64.0,0,0,68.0,68.0,64.0,0,0,68.0,68.0,64.0,0,0,68.0,68.0,64.0,0,0,68.0,68.0,64.0,0,0,68.0,68.0,65.0,0,0,68.0,68.0,65.0,0,0,68.0,68.0,65.0,0,0,68.0,68.0,66.0,0,0,68.0,68.0,66.02024-03-04,0.0,0.0,0,0,68.0,68.0,66.0,0,0,68.0,68.0,66.0,0,0,68.0,68.0,66.0,0,0,68.0,68.0,66.0,0,0,68.0,68.0,66.0,0,0,68.0,68.0,66.0,0,0,68.0,68.0,66.0,0,0,68.0,68.0,66.0,0,0,68.0,68.0,66.0,0,0,68.0,68.0,66.0,0,0,68.0,68.0,66.0,0,0,68.0,68.0,66.0,0,0,68.0,68.0,66.0,0,0,68.0,68.0,66.0,0,0,68.0,68.0,66.0,0,0,68.0,68.0,66.0,0,0,68.0,68.0,66.0,0,0,68.0,68.0,66.0,0,0,68.0,68.0,66.0,0,0,68.0,68.0,67.0,0,0,68.0,68.0,67.0,0,0,68.0,68.0,67.0,0,0,68.0,68.0,68.0,0,0,68.0,68.0,68.02024-03-05,0.0,0.0,0,0,68.0,68.0,68.0,0,0,68.0,68.0,68.0,0,0,68.0,68.0,68.0,0,0,68.0,68.0,68.0,0,0,68.0,68.0,68.0,0,0,68.0,68.0,68.0,0,0,68.0,68.0,68.0,0,0,68.0,68.0,68.0,0,0,68.0,68.0,67.0,0,0,68.0,68.0,67.0,0,0,68.0,68.0,67.0,0,0,68.0,68.0,67.0,0,0,68.0,68.0,67.0,0,0,68.0,68.0,67.0,0,0,68.0,68.0,67.0,0,0,68.0,68.0,67.0,0,0,68.0,68.0,67.0,0,0,68.0,68.0,67.0,0,0,68.0,68.0,67.0,0,0,68.0,68.0,67.0,0,0,68.0,68.0,68.0,0,0,68.0,68.0,68.0,0,0,68.0,68.0,68.0,0,0,68.0,68.0,68.02024-03-06,0.0,0.0,0,0,68.0,68.0,68.0,0,0,68.0,68.0,68.0,0,0,68.0,68.0,68.0,0,0,68.0,68.0,68.0,0,0,68.0,68.0,68.0,0,0,68.0,68.0,67.0,0,0,68.0,68.0,67.0,0,0,68.0,68.0,67.0,0,0,68.0,68.0,67.0,0,0,68.0,68.0,67.0,0,0,68.0,68.0,66.0,0,0,68.0,68.0,66.0,0,0,68.0,68.0,66.0,0,0,68.0,68.0,66.0,0,0,68.0,68.0,66.0,0,0,68.0,68.0,66.0,0,0,68.0,68.0,66.0,0,0,68.0,68.0,66.0,0,0,68.0,68.0,66.0,0,0,68.0,68.0,66.0,0,0,68.0,68.0,66.0,0,0,68.0,68.0,66.0,0,0,68.0,68.0,66.0,0,0,68.0,68.0,66.02024-03-07,0.0,0.0,0,0,68.0,68.0,66.0,0,0,68.0,68.0,66.0,0,0,68.0,68.0,66.0,0,0,68.0,68.0,66.0,0,0,68.0,68.0,66.0,0,0,68.0,68.0,66.0,0,0,68.0,68.0,66.0,0,0,68.0,68.0,66.0,0,0,68.0,68.0,66.0,0,0,68.0,68.0,66.0,0,0,68.0,68.0,66.0,0,0,68.0,68.0,66.0,0,0,68.0,68.0,66.0,0,0,68.0,68.0,66.0,0,0,68.0,68.0,66.0,0,0,68.0,68.0,66.0,0,0,68.0,68.0,66.0,0,0,68.0,68.0,66.0,0,0,68.0,68.0,67.0,0,0,68.0,68.0,67.0,0,0,68.0,68.0,67.0,0,0,68.0,68.0,68.0,0,0,68.0,68.0,68.0,0,0,68.0,68.0,68.02024-03-08,0.0,0.0,0,0,68.0,68.0,68.0,0,0,68.0,68.0,68.0,0,0,68.0,68.0,68.0,0,0,68.0,68.0,68.0,0,0,68.0,68.0,68.0,0,0,68.0,68.0,68.0,0,0,68.0,68.0,68.0,0,0,68.0,68.0,68.0,0,0,68.0,68.0,68.0,0,0,68.0,68.0,67.0,0,0,68.0,68.0,67.0,0,0,68.0,68.0,67.0,0,0,68.0,68.0,67.0,0,0,68.0,68.0,67.0,0,0,68.0,68.0,67.0,0,0,68.0,68.0,67.0,0,0,68.0,68.0,67.0,0,0,68.0,68.0,67.0,0,0,68.0,68.0,67.0,0,0,68.0,68.0,67.0,0,0,68.0,68.0,67.0,0,0,68.0,68.0,67.0,0,0,68.0,68.0,67.0,0,0,68.0,68.0,67.02024-03-09,0.0,0.0,0,0,68.0,68.0,67.0,0,0,68.0,68.0,67.0,0,0,68.0,68.0,67.0,0,0,68.0,68.0,67.0,0,0,68.0,68.0,67.0,0,0,68.0,68.0,67.0,0,0,68.0,68.0,67.0,0,0,68.0,68.0,66.1,0,0,68.0,68.0,66.0,0,0,68.0,68.0,66.0,0,0,68.0,68.0,66.0,0,0,68.0,68.0,66.0,0,0,68.0,68.0,66.0,0,0,68.0,68.0,66.0,0,0,68.0,68.0,66.0,0,0,68.0,68.0,66.0,0,0,68.0,68.0,66.5,0,0,68.0,68.0,67.0,0,0,68.0,68.0,67.0,0,0,68.0,68.0,67.0,0,0,68.0,68.0,67.0,0,0,68.0,68.0,68.0,0,0,68.0,68.0,68.0,0,0,68.0,68.0,69.02024-03-10,0.0,0.0,0,0,68.0,68.0,69.0,0,0,68.0,68.0,69.0,0,0,68.0,68.0,69.0,0,0,68.0,68.0,69.0,0,0,68.0,68.0,69.0,0,0,68.0,68.0,68.0,0,0,68.0,68.0,68.0,0,0,68.0,68.0,67.0,0,0,68.0,68.0,67.0,0,0,68.0,68.0,66.0,0,0,68.0,68.0,66.0,0,0,68.0,68.0,65.0,0,0,68.0,68.0,65.0,0,0,68.0,68.0,64.5,0,0,68.0,68.0,64.0,0,0,68.0,68.0,64.0,0,0,68.0,68.0,64.0,0,0,68.0,68.0,63.0,0,0,68.0,68.0,63.0,0,0,68.0,68.0,63.0,0,0,68.0,68.0,63.0,0,0,68.0,68.0,63.0,0,0,68.0,68.0,63.0,0,0,68.0,68.0,63.02024-03-11,255.12,0.0,0,0,68.0,68.0,63.0,0,0,68.0,68.0,63.0,0,0,68.0,68.0,63.0,0,0,68.0,68.0,63.0,0,0,68.0,68.0,63.0,0,0,68.0,68.0,62.0,0,0,68.0,68.0,62.0,0,0,68.0,68.0,62.0,0,0,68.0,68.0,62.0,0,0,68.0,68.0,61.0,0,0,68.0,68.0,61.0,0,0,68.0,68.0,61.0,0,0,68.0,68.0,62.0,0,0,68.0,68.0,62.0,0,0,68.0,68.0,62.0,0,0,68.0,68.0,63.0,0,0,68.0,68.0,63.0,0,0,68.0,68.0,62.0,0,0,68.0,68.0,62.0,0,0,68.0,68.0,62.0,0,0,68.0,68.0,62.0,0,0,68.0,68.0,63.0,0,0,68.0,68.0,63.0,0,0,68.0,68.0,63.02024-03-12,330.13,0.0,0,0,68.0,68.0,63.0,0,0,68.0,68.0,63.0,0,0,68.0,68.0,63.0,0,0,68.0,68.0,63.0,0,0,68.0,68.0,63.0,0,0,68.0,68.0,63.0,0,0,68.0,68.0,63.0,0,0,68.0,68.0,63.0,0,0,68.0,68.0,62.0,0,0,68.0,68.0,62.0,0,0,68.0,68.0,62.0,0,0,68.0,68.0,63.0,0,0,68.0,68.0,63.0,0,0,68.0,68.0,63.0,0,0,68.0,68.0,63.0,0,0,68.0,68.0,63.0,0,0,68.0,68.0,63.0,0,0,68.0,68.0,63.0,0,0,68.0,68.0,63.0,0,0,68.0,68.0,63.0,0,0,68.0,68.0,63.0,0,0,68.0,68.0,63.0,0,0,68.0,68.0,63.0,0,0,68.0,68.0,64.02024-03-13,0.0,0.0,0,0,68.0,68.0,64.0,0,0,68.0,68.0,64.0,0,0,68.0,68.0,64.0,0,0,68.0,68.0,64.0,0,0,68.0,68.0,64.0,0,0,68.0,68.0,64.0,0,0,68.0,68.0,64.0,0,0,68.0,68.0,64.0,0,0,68.0,68.0,64.0,0,0,68.0,68.0,64.0,0,0,68.0,68.0,63.0,0,0,68.0,68.0,63.0,0,0,68.0,68.0,63.0,0,0,68.0,68.0,63.0,0,0,68.0,68.0,63.0,0,0,68.0,68.0,63.0,0,0,68.0,68.0,63.0,0,0,68.0,68.0,63.0,0,0,68.0,68.0,63.0,0,0,68.0,68.0,63.0,0,0,68.0,68.0,64.0,0,0,68.0,68.0,64.0,0,0,68.0,68.0,65.0,0,0,68.0,68.0,65.02024-03-14,0.0,0.0,0,0,68.0,68.0,65.0,0,0,68.0,68.0,65.0,0,0,68.0,68.0,65.0,0,0,68.0,68.0,65.0,0,0,68.0,68.0,65.0,0,0,68.0,68.0,65.0,0,0,68.0,68.0,65.0,0,0,68.0,68.0,65.0,0,0,68.0,68.0,65.0,0,0,68.0,68.0,65.0,0,0,68.0,68.0,65.0,0,0,68.0,68.0,65.0,0,0,68.0,68.0,65.0,0,0,68.0,68.0,64.0,0,0,68.0,68.0,64.0,0,0,68.0,68.0,64.0,0,0,68.0,68.0,64.0,0,0,68.0,68.0,64.0,0,0,68.0,68.0,65.0,0,0,68.0,68.0,65.0,0,0,68.0,68.0,66.0,0,0,68.0,68.0,66.0,0,0,68.0,68.0,67.0,0,0,68.0,68.0,67.02024-03-15,0.0,0.0,0,0,68.0,68.0,67.67,0,0,68.0,68.0,68.0,0,0,68.0,68.0,68.0,0,0,68.0,68.0,68.0,0,0,68.0,68.0,68.0,0,0,68.0,68.0,68.0,0,0,68.0,68.0,68.0,0,0,68.0,68.0,68.0,0,0,68.0,68.0,68.0,0,0,68.0,68.0,68.0,0,0,68.0,68.0,68.0,0,0,68.0,68.0,68.0,0,0,68.0,68.0,68.0,0,0,68.0,68.0,68.0,0,0,68.0,68.0,68.0,0,0,68.0,68.0,68.0,0,0,68.0,68.0,68.0,0,0,68.0,68.0,68.0,0,0,68.0,68.0,68.0,0,0,68.0,68.0,68.0,0,0,68.0,68.0,68.0,0,0,68.0,68.0,68.0,0,0,68.0,68.0,68.0,0,0,68.0,68.0,68.02024-03-16,0.0,0.0,0,0,68.0,68.0,68.0,0,0,68.0,68.0,68.0,0,0,68.0,68.0,68.0,0,0,68.0,68.0,68.0,0,0,68.0,68.0,68.0,0,0,68.0,68.0,68.0,0,0,68.0,68.0,68.0,0,0,68.0,68.0,68.0,0,0,68.0,68.0,68.0,0,0,68.0,68.0,68.0,0,0,68.0,68.0,68.0,0,0,68.0,68.0,68.0,0,0,68.0,68.0,68.0,0,0,68.0,68.0,68.0,0,0,68.0,68.0,68.0,0,0,68.0,68.0,68.0,0,0,68.0,68.0,68.0,0,0,68.0,68.0,68.0,0,0,68.0,68.0,68.0,0,0,68.0,68.0,68.0,0,0,68.0,68.0,68.0,0,0,68.0,68.0,68.0,0,0,68.0,68.0,68.0,0,0,68.0,68.0,68.02024-03-17,0.0,0.0,0,0,68.0,68.0,69.0,0,0,68.0,68.0,69.0,0,0,68.0,68.0,69.0,0,0,68.0,68.0,69.0,0,0,68.0,68.0,68.0,0,0,68.0,68.0,68.0,0,0,68.0,68.0,68.0,0,0,68.0,68.0,68.0,0,0,68.0,68.0,67.0,0,0,68.0,68.0,67.0,0,0,68.0,68.0,67.0,0,0,68.0,68.0,67.0,0,0,68.0,68.0,67.0,0,0,68.0,68.0,66.0,0,0,68.0,68.0,66.0,0,0,68.0,68.0,66.0,0,0,68.0,68.0,66.0,0,0,68.0,68.0,67.0,0,0,68.0,68.0,67.0,0,0,68.0,68.0,67.0,0,0,68.0,68.0,67.0,0,0,68.0,68.0,68.0,0,0,68.0,68.0,68.0,0,0,68.0,68.0,68.02024-03-18,0.0,0.0,0,0,68.0,68.0,68.0,0,0,68.0,68.0,68.0,0,0,68.0,68.0,68.0,0,0,68.0,68.0,68.0,0,0,68.0,68.0,68.0,0,0,68.0,68.0,68.0,0,0,68.0,68.0,67.0,0,0,68.0,68.0,67.0,0,0,68.0,68.0,66.67,0,0,68.0,68.0,66.0,0,0,68.0,68.0,66.0,0,0,68.0,68.0,65.0,0,0,68.0,68.0,65.0,0,0,68.0,68.0,65.0,0,0,68.0,68.0,65.0,0,0,68.0,68.0,65.0,0,0,68.0,68.0,65.0,0,0,68.0,68.0,64.0,0,0,68.0,68.0,64.0,0,0,68.0,68.0,64.0,0,0,68.0,68.0,64.0,0,0,68.0,68.0,64.0,0,0,68.0,68.0,64.0,0,0,68.0,68.0,64.02024-03-19,630.15,0.0,0,0,68.0,68.0,63.0,0,0,68.0,68.0,63.0,0,0,68.0,68.0,63.0,0,0,68.0,68.0,62.0,0,0,68.0,68.0,62.0,0,0,68.0,68.0,61.0,0,0,68.0,68.0,62.0,0,0,68.0,68.0,62.0,0,0,68.0,68.0,62.0,0,0,68.0,68.0,62.0,0,0,68.0,68.0,62.0,0,0,68.0,68.0,62.0,0,0,68.0,68.0,62.0,0,0,68.0,68.0,62.0,0,0,68.0,68.0,62.0,0,0,68.0,68.0,62.0,0,0,68.0,68.0,62.0,0,0,68.0,68.0,62.0,0,0,68.0,68.0,62.0,0,0,68.0,68.0,62.0,0,0,68.0,68.0,62.0,0,0,68.0,68.0,62.0,0,0,68.0,68.0,62.0,0,0,68.0,68.0,62.02024-03-20,330.15,0.0,0,0,68.0,68.0,62.0,0,0,68.0,68.0,62.0,0,0,68.0,68.0,62.0,0,0,68.0,68.0,62.0,0,0,68.0,68.0,62.0,0,0,68.0,68.0,62.0,0,0,68.0,68.0,62.0,0,0,68.0,68.0,61.0,0,0,68.0,68.0,61.0,0,0,68.0,68.0,61.0,0,0,68.0,68.0,62.0,0,0,68.0,68.0,62.0,0,0,68.0,68.0,62.0,0,0,68.0,68.0,62.0,0,0,68.0,68.0,62.0,0,0,68.0,68.0,62.0,0,0,68.0,68.0,62.0,0,0,68.0,68.0,62.0,0,0,68.0,68.0,62.0,0,0,68.0,68.0,63.0,0,0,68.0,68.0,63.0,0,0,68.0,68.0,63.0,0,0,68.0,68.0,63.0,0,0,68.0,68.0,64.02024-03-21,0.0,0.0,0,0,68.0,68.0,64.0,0,0,68.0,68.0,64.0,0,0,68.0,68.0,64.0,0,0,68.0,68.0,64.0,0,0,68.0,68.0,64.0,0,0,68.0,68.0,64.0,0,0,68.0,68.0,64.0,0,0,68.0,68.0,64.0,0,0,68.0,68.0,64.0,0,0,68.0,68.0,64.0,0,0,68.0,68.0,64.0,0,0,68.0,68.0,64.0,0,0,68.0,68.0,64.0,0,0,68.0,68.0,64.0,0,0,68.0,68.0,64.0,0,0,68.0,68.0,64.0,0,0,68.0,68.0,64.0,0,0,68.0,68.0,64.0,0,0,68.0,68.0,64.0,0,0,68.0,68.0,65.0,0,0,68.0,68.0,65.0,0,0,68.0,68.0,65.0,0,0,68.0,68.0,66.0,0,0,68.0,68.0,66.02024-03-22,0.0,0.0,0,0,68.0,68.0,66.0,0,0,68.0,68.0,66.0,0,0,68.0,68.0,66.0,0,0,68.0,68.0,66.0,0,0,68.0,68.0,66.0,0,0,68.0,68.0,66.0,0,0,68.0,68.0,66.0,0,0,68.0,68.0,66.0,0,0,68.0,68.0,66.0,0,0,68.0,68.0,66.0,0,0,68.0,68.0,66.0,0,0,68.0,68.0,66.0,0,0,68.0,68.0,66.0,0,0,68.0,68.0,66.0,0,0,68.0,68.0,66.0,0,0,68.0,68.0,66.0,0,0,68.0,68.0,66.0,0,0,68.0,68.0,66.0,0,0,68.0,68.0,67.0,0,0,68.0,68.0,67.0,0,0,68.0,68.0,67.0,0,0,68.0,68.0,67.0,0,0,68.0,68.0,68.0,0,0,68.0,68.0,68.02024-03-23,0.0,0.0,0,0,68.0,68.0,68.0,0,0,68.0,68.0,68.0,0,0,68.0,68.0,67.0,0,0,68.0,68.0,67.0,0,0,68.0,68.0,67.0,0,0,68.0,68.0,67.0,0,0,68.0,68.0,67.0,0,0,68.0,68.0,67.0,0,0,68.0,68.0,66.0,0,0,68.0,68.0,66.0,0,0,68.0,68.0,66.0,0,0,68.0,68.0,66.0,0,0,68.0,68.0,66.0,0,0,68.0,68.0,66.0,0,0,68.0,68.0,66.0,0,0,68.0,68.0,65.0,0,0,68.0,68.0,65.0,0,0,68.0,68.0,65.0,0,0,68.0,68.0,65.0,0,0,68.0,68.0,66.0,0,0,68.0,68.0,66.0,0,0,68.0,68.0,66.0,0,0,68.0,68.0,66.0,0,0,68.0,68.0,66.02024-03-24,255.13,0.0,0,0,68.0,68.0,66.5,0,0,68.0,68.0,67.0,0,0,68.0,68.0,66.0,0,0,68.0,68.0,66.0,0,0,68.0,68.0,66.0,0,0,68.0,68.0,65.0,0,0,68.0,68.0,65.0,0,0,68.0,68.0,65.0,0,0,68.0,68.0,64.0,0,0,68.0,68.0,64.0,0,0,68.0,68.0,64.0,0,0,68.0,68.0,64.0,0,0,68.0,68.0,64.0,0,0,68.0,68.0,64.0,0,0,68.0,68.0,64.0,0,0,68.0,68.0,64.0,0,0,68.0,68.0,64.0,0,0,68.0,68.0,64.0,0,0,68.0,68.0,64.0,0,0,68.0,68.0,64.0,0,0,68.0,68.0,64.33,0,0,68.0,68.0,65.0,0,0,68.0,68.0,65.0,0,0,68.0,68.0,66.02024-03-25,0.0,0.0,0,0,68.0,68.0,66.0,0,0,68.0,68.0,66.0,0,0,68.0,68.0,66.0,0,0,68.0,68.0,66.0,0,0,68.0,68.0,66.0,0,0,68.0,68.0,65.0,0,0,68.0,68.0,65.0,0,0,68.0,68.0,65.0,0,0,68.0,68.0,65.0,0,0,68.0,68.0,65.0,0,0,68.0,68.0,65.0,0,0,68.0,68.0,65.0,0,0,68.0,68.0,64.0,0,0,68.0,68.0,64.0,0,0,68.0,68.0,64.0,0,0,68.0,68.0,64.0,0,0,68.0,68.0,64.0,0,0,68.0,68.0,64.0,0,0,68.0,68.0,64.0,0,0,68.0,68.0,64.0,0,0,68.0,68.0,65.0,0,0,68.0,68.0,65.0,0,0,68.0,68.0,65.0,0,0,68.0,68.0,65.02024-03-26,0.0,0.0,0,0,68.0,68.0,65.0,0,0,68.0,68.0,65.0,0,0,68.0,68.0,65.0,0,0,68.0,68.0,65.0,0,0,68.0,68.0,65.0,0,0,68.0,68.0,65.0,0,0,68.0,68.0,65.0,0,0,68.0,68.0,65.0,0,0,68.0,68.0,65.0,0,0,68.0,68.0,65.0,0,0,68.0,68.0,65.0,0,0,68.0,68.0,65.0,0,0,68.0,68.0,65.0,0,0,68.0,68.0,65.0,0,0,68.0,68.0,65.0,0,0,68.0,68.0,65.0,0,0,68.0,68.0,65.0,0,0,68.0,68.0,65.0,0,0,68.0,68.0,65.0,0,0,68.0,68.0,65.0,0,0,68.0,68.0,65.0,0,0,68.0,68.0,65.0,0,0,68.0,68.0,65.0,0,0,68.0,68.0,65.02024-03-27,0.0,0.0,0,0,68.0,68.0,65.0,0,0,68.0,68.0,65.0,0,0,68.0,68.0,65.0,0,0,68.0,68.0,65.0,0,0,68.0,68.0,65.0,0,0,68.0,68.0,65.0,0,0,68.0,68.0,65.0,0,0,68.0,68.0,65.0,0,0,68.0,68.0,65.0,0,0,68.0,68.0,65.0,0,0,68.0,68.0,65.0,0,0,68.0,68.0,65.0,0,0,68.0,68.0,65.0,0,0,68.0,68.0,65.0,0,0,68.0,68.0,65.0,0,0,68.0,68.0,65.0,0,0,68.0,68.0,65.0,0,0,68.0,68.0,65.33,0,0,68.0,68.0,66.0,0,0,68.0,68.0,66.0,0,0,68.0,68.0,66.0,0,0,68.0,68.0,67.0,0,0,68.0,68.0,67.0,0,0,68.0,68.0,67.02024-03-28,0.0,0.0,0,0,68.0,68.0,67.0,0,0,68.0,68.0,67.0,0,0,68.0,68.0,67.0,0,0,68.0,68.0,67.0,0,0,68.0,68.0,67.0,0,0,68.0,68.0,67.0,0,0,68.0,68.0,67.0,0,0,68.0,68.0,67.0,0,0,68.0,68.0,66.0,0,0,68.0,68.0,66.0,0,0,68.0,68.0,66.0,0,0,68.0,68.0,66.0,0,0,68.0,68.0,66.0,0,0,68.0,68.0,65.0,0,0,68.0,68.0,65.0,0,0,68.0,68.0,65.0,0,0,68.0,68.0,64.5,0,0,68.0,68.0,64.0,0,0,68.0,68.0,64.0,0,0,68.0,68.0,64.0,0,0,68.0,68.0,64.0,0,0,68.0,68.0,64.0,0,0,68.0,68.0,64.0,0,0,68.0,68.0,64.02024-03-29,225.22,0.0,0,0,68.0,68.0,64.0,0,0,68.0,68.0,65.0,0,0,68.0,68.0,65.0,0,0,68.0,68.0,65.0,0,0,68.0,68.0,65.0,0,0,68.0,68.0,64.0,0,0,68.0,68.0,64.0,0,0,68.0,68.0,64.0,0,0,68.0,68.0,64.0,0,0,68.0,68.0,64.0,0,0,68.0,68.0,63.0,0,0,68.0,68.0,63.0,0,0,68.0,68.0,63.5,0,0,68.0,68.0,64.0,0,0,68.0,68.0,64.0,0,0,68.0,68.0,64.0,0,0,68.0,68.0,64.0,0,0,68.0,68.0,64.0,0,0,68.0,68.0,64.0,0,0,68.0,68.0,64.0,0,0,68.0,68.0,64.0,0,0,68.0,68.0,64.0,0,0,68.0,68.0,65.0,0,0,68.0,68.0,65.02024-03-30,0.0,0.0,0,0,68.0,68.0,65.0,0,0,68.0,68.0,65.0,0,0,68.0,68.0,65.0,0,0,68.0,68.0,65.0,0,0,68.0,68.0,65.0,0,0,68.0,68.0,65.0,0,0,68.0,68.0,65.0,0,0,68.0,68.0,65.0,0,0,68.0,68.0,64.67,0,0,68.0,68.0,64.0,0,0,68.0,68.0,64.0,0,0,68.0,68.0,64.0,0,0,68.0,68.0,64.0,0,0,68.0,68.0,63.0,0,0,68.0,68.0,63.0,0,0,68.0,68.0,63.0,0,0,68.0,68.0,63.0,0,0,68.0,68.0,64.0,0,0,68.0,68.0,64.0,0,0,68.0,68.0,65.0,0,0,68.0,68.0,65.0,0,0,68.0,68.0,66.0,0,0,68.0,68.0,66.0,0,0,68.0,68.0,66.02024-03-31,0.0,0.0,0,0,68.0,68.0,66.5,0,0,68.0,68.0,67.0,0,0,68.0,68.0,67.0,0,0,68.0,68.0,67.0,0,0,68.0,68.0,67.0,0,0,68.0,68.0,67.0,0,0,68.0,68.0,67.0,0,0,68.0,68.0,66.0,0,0,68.0,68.0,66.0,0,0,68.0,68.0,66.0,0,0,68.0,68.0,66.0,0,0,68.0,68.0,66.0,0,0,68.0,68.0,66.0,0,0,68.0,68.0,66.0,0,0,68.0,68.0,66.0,0,0,68.0,68.0,66.0,0,0,68.0,68.0,66.0,0,0,68.0,68.0,66.33,0,0,68.0,68.0,67.0,0,0,68.0,68.0,68.0,0,0,68.0,68.0,68.0,0,0,68.0,68.0,68.33,0,0,68.0,68.0,69.0,0,0,68.0,68.0,69.02024-04-01,0.0,0.0,0,0,68.0,68.0,70.0,0,0,68.0,68.0,70.0,0,0,68.0,68.0,70.0,0,0,68.0,68.0,70.0,0,0,68.0,68.0,70.0,0,0,68.0,68.0,70.0,0,0,68.0,68.0,70.0,0,0,68.0,68.0,70.0,0,0,68.0,68.0,70.0,0,0,68.0,68.0,69.0,0,0,68.0,68.0,69.0,0,0,68.0,68.0,69.0,0,0,68.0,68.0,69.0,0,0,68.0,68.0,69.0,0,0,68.0,68.0,69.0,0,0,68.0,68.0,69.0,0,0,68.0,68.0,69.0,0,0,68.0,68.0,69.0,0,0,68.0,68.0,69.0,0,0,68.0,68.0,70.0,0,0,68.0,68.0,70.0,0,0,68.0,68.0,70.0,0,0,68.0,68.0,71.0,0,0,68.0,68.0,71.02024-04-02,0.0,0.0,0,0,68.0,68.0,71.0,0,0,68.0,68.0,71.0,0,0,68.0,68.0,71.0,0,0,68.0,68.0,71.0,0,0,68.0,68.0,71.0,0,0,68.0,68.0,71.0,0,0,68.0,68.0,71.0,0,0,68.0,68.0,71.0,0,0,68.0,68.0,71.0,0,0,68.0,68.0,71.0,0,0,68.0,68.0,71.0,0,0,68.0,68.0,71.0,0,0,68.0,68.0,71.0,0,0,68.0,68.0,71.0,0,0,68.0,68.0,71.0,0,0,68.0,68.0,71.0,0,0,68.0,68.0,71.0,0,0,68.0,68.0,71.0,0,0,68.0,68.0,71.67,0,0,68.0,68.0,72.0,0,0,68.0,68.0,72.5,0,0,68.0,68.0,73.0,0,0,68.0,68.0,73.0,0,0,68.0,68.0,73.02024-04-03,0.0,0.0,0,0,68.0,68.0,73.0,0,0,68.0,68.0,73.0,0,0,68.0,68.0,73.0,0,0,68.0,68.0,73.0,0,0,68.0,68.0,73.0,0,0,68.0,68.0,73.0,0,0,68.0,68.0,73.0,0,0,68.0,68.0,73.0,0,0,68.0,68.0,73.0,0,0,68.0,68.0,73.0,0,0,68.0,68.0,73.0,0,0,68.0,68.0,72.0,0,0,68.0,68.0,72.0,0,0,68.0,68.0,72.0,0,0,68.0,68.0,71.0,0,0,68.0,68.0,71.0,0,0,68.0,68.0,71.0,0,0,68.0,68.0,70.0,0,0,68.0,68.0,70.0,0,0,68.0,68.0,70.0,0,0,68.0,68.0,70.0,0,0,68.0,68.0,70.0,0,0,68.0,68.0,70.0,0,0,68.0,68.0,69.332024-04-04,0.0,0.0,0,0,68.0,68.0,69.0,0,0,68.0,68.0,69.0,0,0,68.0,68.0,68.0,0,0,68.0,68.0,68.0,0,0,68.0,68.0,67.0,0,0,68.0,68.0,67.0,0,0,68.0,68.0,67.0,0,0,68.0,68.0,66.0,0,0,68.0,68.0,66.0,0,0,68.0,68.0,66.0,0,0,68.0,68.0,65.0,0,0,68.0,68.0,65.0,0,0,68.0,68.0,65.0,0,0,68.0,68.0,65.0,0,0,68.0,68.0,64.0,0,0,68.0,68.0,64.0,0,0,68.0,68.0,64.0,0,0,68.0,68.0,64.0,0,0,68.0,68.0,64.0,0,0,68.0,68.0,64.0,0,0,68.0,68.0,64.0,0,0,68.0,68.0,64.0,0,0,68.0,68.0,64.0,0,0,68.0,68.0,64.02024-04-05,0.0,0.0,0,0,68.0,68.0,64.0,0,0,68.0,68.0,64.0,0,0,68.0,68.0,64.0,0,0,68.0,68.0,64.0,0,0,68.0,68.0,64.0,0,0,68.0,68.0,63.0,0,0,68.0,68.0,63.0,0,0,68.0,68.0,63.0,0,0,68.0,68.0,63.0,0,0,68.0,68.0,63.0,0,0,68.0,68.0,62.0,0,0,68.0,68.0,62.0,0,0,68.0,68.0,62.0,0,0,68.0,68.0,62.0,0,0,68.0,68.0,62.0,0,0,68.0,68.0,62.0,0,0,68.0,68.0,62.0,0,0,68.0,68.0,62.0,0,0,68.0,68.0,62.0,0,0,68.0,68.0,62.0,0,0,68.0,68.0,62.0,0,0,68.0,68.0,62.0,0,0,68.0,68.0,62.0,0,0,68.0,68.0,62.02024-04-06,0.0,0.0,0,0,68.0,68.0,62.0,0,0,68.0,68.0,62.0,0,0,68.0,68.0,62.0,0,0,68.0,68.0,62.0,0,0,68.0,68.0,62.0,0,0,68.0,68.0,62.0,0,0,68.0,68.0,62.0,0,0,68.0,68.0,61.0,0,0,68.0,68.0,61.0,0,0,68.0,68.0,61.0,0,0,68.0,68.0,61.0,0,0,68.0,68.0,61.0,0,0,68.0,68.0,61.0,0,0,68.0,68.0,61.0,0,0,68.0,68.0,61.0,0,0,68.0,68.0,61.0,0,0,68.0,68.0,61.0,0,0,68.0,68.0,61.0,0,0,68.0,68.0,62.0,0,0,68.0,68.0,62.0,0,0,68.0,68.0,62.0,0,0,68.0,68.0,62.0,0,0,68.0,68.0,63.0,0,0,68.0,68.0,63.02024-04-07,0.0,0.0,0,0,68.0,68.0,63.0,0,0,68.0,68.0,63.0,0,0,68.0,68.0,63.0,0,0,68.0,68.0,63.0,0,0,68.0,68.0,63.0,0,0,68.0,68.0,63.0,0,0,68.0,68.0,62.0,0,0,68.0,68.0,62.0,0,0,68.0,68.0,62.0,0,0,68.0,68.0,62.0,0,0,68.0,68.0,62.0,0,0,68.0,68.0,61.0,0,0,68.0,68.0,61.0,0,0,68.0,68.0,61.0,0,0,68.0,68.0,61.0,0,0,68.0,68.0,61.0,0,0,68.0,68.0,61.33,0,0,68.0,68.0,62.0,0,0,68.0,68.0,62.0,0,0,68.0,68.0,62.67,0,0,68.0,68.0,63.0,0,0,68.0,68.0,63.0,0,0,68.0,68.0,64.0,0,0,68.0,68.0,64.02024-04-08,0.0,0.0,0,0,68.0,68.0,64.5,0,0,68.0,68.0,65.0,0,0,68.0,68.0,65.0,0,0,68.0,68.0,65.0,0,0,68.0,68.0,65.0,0,0,68.0,68.0,65.0,0,0,68.0,68.0,65.0,0,0,68.0,68.0,65.0,0,0,68.0,68.0,65.0,0,0,68.0,68.0,65.0,0,0,68.0,68.0,64.0,0,0,68.0,68.0,64.0,0,0,68.0,68.0,64.0,0,0,68.0,68.0,64.0,0,0,68.0,68.0,64.0,0,0,68.0,68.0,64.0,0,0,68.0,68.0,65.0,0,0,68.0,68.0,65.0,0,0,68.0,68.0,66.0,0,0,68.0,68.0,66.0,0,0,68.0,68.0,67.0,0,0,68.0,68.0,67.0,0,0,68.0,68.0,68.0,0,0,68.0,68.0,68.02024-04-09,0.0,0.0,0,0,68.0,68.0,68.0,0,0,68.0,68.0,68.0,0,0,68.0,68.0,68.0,0,0,68.0,68.0,69.0,0,0,68.0,68.0,69.0,0,0,68.0,68.0,69.0,0,0,68.0,68.0,69.0,0,0,68.0,68.0,69.0,0,0,68.0,68.0,69.0,0,0,68.0,68.0,69.0,0,0,68.0,68.0,69.0,0,0,68.0,68.0,69.0,0,0,68.0,68.0,68.0,0,0,68.0,68.0,68.0,0,0,68.0,68.0,68.0,0,0,68.0,68.0,68.0,0,0,68.0,68.0,68.0,0,0,68.0,68.0,68.0,0,0,68.0,68.0,68.0,0,0,68.0,68.0,68.0,0,0,68.0,68.0,68.0,0,0,68.0,68.0,68.0,0,0,68.0,68.0,68.0,0,0,68.0,68.0,68.02024-04-10,0.0,0.0,0,0,68.0,68.0,68.0,0,0,68.0,68.0,68.0,0,0,68.0,68.0,68.0,0,0,68.0,68.0,68.0,0,0,68.0,68.0,67.0,0,0,68.0,68.0,67.0,0,0,68.0,68.0,67.0,0,0,68.0,68.0,67.0,0,0,68.0,68.0,67.0,0,0,68.0,68.0,67.0,0,0,68.0,68.0,67.0,0,0,68.0,68.0,67.0,0,0,68.0,68.0,67.0,0,0,68.0,68.0,66.5,0,0,68.0,68.0,66.0,0,0,68.0,68.0,66.0,0,0,68.0,68.0,67.0,0,0,68.0,68.0,67.0,0,0,68.0,68.0,67.0,0,0,68.0,68.0,67.5,0,0,68.0,68.0,68.0,0,0,68.0,68.0,68.0,0,0,68.0,68.0,68.0,0,0,68.0,68.0,69.02024-04-11,0.0,0.0,0,0,68.0,68.0,69.0,0,0,68.0,68.0,69.0,0,0,68.0,68.0,69.0,0,0,68.0,68.0,69.0,0,0,68.0,68.0,69.0,0,0,68.0,68.0,69.0,0,0,68.0,68.0,69.0,0,0,68.0,68.0,69.0,0,0,68.0,68.0,69.0,0,0,68.0,68.0,69.0,0,0,68.0,68.0,69.0,0,0,68.0,68.0,69.0,0,0,68.0,68.0,69.0,0,0,68.0,68.0,69.0,0,0,68.0,68.0,69.0,0,0,68.0,68.0,69.0,0,0,68.0,68.0,69.0,0,0,68.0,68.0,69.0,0,0,68.0,68.0,70.0,0,0,68.0,68.0,70.0,0,0,68.0,68.0,70.0,0,0,68.0,68.0,70.0,0,0,68.0,68.0,70.0,0,0,68.0,68.0,70.02024-04-12,0.0,0.0,0,0,68.0,68.0,70.0,0,0,68.0,68.0,70.0,0,0,68.0,68.0,70.0,0,0,68.0,68.0,69.0,0,0,68.0,68.0,69.0,0,0,68.0,68.0,69.0,0,0,68.0,68.0,68.0,0,0,68.0,68.0,68.0,0,0,68.0,68.0,68.0,0,0,68.0,68.0,67.0,0,0,68.0,68.0,67.0,0,0,68.0,68.0,67.0,0,0,68.0,68.0,67.0,0,0,68.0,68.0,67.0,0,0,68.0,68.0,67.0,0,0,68.0,68.0,66.0,0,0,68.0,68.0,66.0,0,0,68.0,68.0,66.33,0,0,68.0,68.0,66.5,0,0,68.0,68.0,66.5,0,0,68.0,68.0,67.0,0,0,68.0,68.0,67.0,0,0,68.0,68.0,66.5,0,0,68.0,68.0,66.02024-04-13,0.0,0.0,0,0,68.0,68.0,66.0,0,0,68.0,68.0,66.0,0,0,68.0,68.0,66.0,0,0,68.0,68.0,66.0,0,0,68.0,68.0,66.0,0,0,68.0,68.0,66.0,0,0,68.0,68.0,66.0,0,0,68.0,68.0,65.0,0,0,68.0,68.0,65.0,0,0,68.0,68.0,65.0,0,0,68.0,68.0,65.0,0,0,68.0,68.0,64.5,0,0,68.0,68.0,64.0,0,0,68.0,68.0,64.0,0,0,68.0,68.0,64.0,0,0,68.0,68.0,64.0,0,0,68.0,68.0,64.0,0,0,68.0,68.0,65.0,0,0,68.0,68.0,65.0,0,0,68.0,68.0,65.0,0,0,68.0,68.0,65.0,0,0,68.0,68.0,66.0,0,0,68.0,68.0,66.0,0,0,68.0,68.0,66.02024-04-14,0.0,0.0,0,0,68.0,68.0,66.0,0,0,68.0,68.0,66.0,0,0,68.0,68.0,66.0,0,0,68.0,68.0,66.0,0,0,68.0,68.0,66.0,0,0,68.0,68.0,66.0,0,0,68.0,68.0,66.0,0,0,68.0,68.0,66.0,0,0,68.0,68.0,66.0,0,0,68.0,68.0,66.0,0,0,68.0,68.0,66.0,0,0,68.0,68.0,66.0,0,0,68.0,68.0,66.0,0,0,68.0,68.0,66.0,0,0,68.0,68.0,66.0,0,0,68.0,68.0,66.0,0,0,68.0,68.0,66.0,0,0,68.0,68.0,66.0,0,0,68.0,68.0,66.33,0,0,68.0,68.0,67.0,0,0,68.0,68.0,68.0,0,0,68.0,68.0,69.0,0,0,68.0,68.0,69.0,0,0,68.0,68.0,69.52024-04-15,0.0,0.0,0,0,68.0,68.0,70.0,0,0,68.0,68.0,70.0,0,0,68.0,68.0,70.0,0,0,68.0,68.0,70.0,0,0,68.0,68.0,70.0,0,0,68.0,68.0,70.0,0,0,68.0,68.0,70.0,0,0,68.0,68.0,70.0,0,0,68.0,68.0,69.67,0,0,68.0,68.0,69.0,0,0,68.0,68.0,69.0,0,0,68.0,68.0,69.0,0,0,68.0,68.0,69.0,0,0,68.0,68.0,68.5,0,0,68.0,68.0,68.0,0,0,68.0,68.0,68.0,0,0,68.0,68.0,69.0,0,0,68.0,68.0,69.0,0,0,68.0,68.0,70.0,0,0,68.0,68.0,70.0,0,0,68.0,68.0,71.0,0,0,68.0,68.0,71.0,0,0,68.0,68.0,72.0,0,0,68.0,68.0,72.02024-04-16,0.0,0.0,0,0,68.0,68.0,72.0,0,0,68.0,68.0,72.0,0,0,68.0,68.0,72.0,0,0,68.0,68.0,72.0,0,0,68.0,68.0,72.0,0,0,68.0,68.0,72.0,0,0,68.0,68.0,72.0,0,0,68.0,68.0,72.0,0,0,68.0,68.0,72.0,0,0,68.0,68.0,72.0,0,0,68.0,68.0,71.0,0,0,68.0,68.0,71.0,0,0,68.0,68.0,71.0,0,0,68.0,68.0,71.0,0,0,68.0,68.0,71.0,0,0,68.0,68.0,71.0,0,0,68.0,68.0,71.0,0,0,68.0,68.0,71.0,0,0,68.0,68.0,71.0,0,0,68.0,68.0,72.0,0,0,68.0,68.0,72.0,0,0,68.0,68.0,73.0,0,0,68.0,68.0,73.0,0,0,68.0,68.0,74.02024-04-17,0.0,0.0,0,0,68.0,68.0,74.0,0,0,68.0,68.0,74.0,0,0,68.0,68.0,74.0,0,0,68.0,68.0,74.0,0,0,68.0,68.0,74.0,0,0,68.0,68.0,74.0,0,0,68.0,68.0,74.0,0,0,68.0,68.0,74.0,0,0,68.0,68.0,74.0,0,0,68.0,68.0,73.0,0,0,68.0,68.0,73.0,0,0,68.0,68.0,73.0,0,0,68.0,68.0,73.0,0,0,68.0,68.0,73.0,0,0,68.0,68.0,73.0,0,0,68.0,68.0,73.0,0,0,68.0,68.0,73.0,0,0,68.0,68.0,73.0,0,0,68.0,68.0,73.0,0,0,68.0,68.0,73.0,0,0,68.0,68.0,73.0,0,0,68.0,68.0,73.0,0,0,68.0,68.0,73.0,0,0,68.0,68.0,73.02024-04-18,0.0,0.0,0,0,68.0,68.0,73.0,0,0,68.0,68.0,73.0,0,0,68.0,68.0,73.0,0,0,68.0,68.0,72.5,0,0,68.0,68.0,72.0,0,0,68.0,68.0,72.0,0,0,68.0,68.0,72.0,0,0,68.0,68.0,72.0,0,0,68.0,68.0,71.0,0,0,68.0,68.0,71.0,0,0,68.0,68.0,71.0,0,0,68.0,68.0,70.0,0,0,68.0,68.0,70.0,0,0,68.0,68.0,70.0,0,0,68.0,68.0,70.0,0,0,68.0,68.0,70.0,0,0,68.0,68.0,70.0,0,0,68.0,68.0,70.5,0,0,68.0,68.0,71.0,0,0,68.0,68.0,71.0,0,0,68.0,68.0,72.0,0,0,68.0,68.0,72.25,0,0,68.0,68.0,73.0,0,0,68.0,68.0,73.02024-04-19,0.0,0.0,0,0,68.0,68.0,73.0,0,0,68.0,68.0,73.0,0,0,68.0,68.0,73.0,0,0,68.0,68.0,74.0,0,0,68.0,68.0,74.0,0,0,68.0,68.0,74.0,0,0,68.0,68.0,74.0,0,0,68.0,68.0,73.8,0,0,68.0,68.0,73.0,0,0,68.0,68.0,73.0,0,0,68.0,68.0,73.0,0,0,68.0,68.0,73.0,0,0,68.0,68.0,73.0,0,0,68.0,68.0,72.0,0,0,68.0,68.0,72.0,0,0,68.0,68.0,72.0,0,0,68.0,68.0,72.0,0,0,68.0,68.0,73.0,0,0,68.0,68.0,73.0,0,0,68.0,68.0,73.0,0,0,68.0,68.0,74.0,0,0,68.0,68.0,74.0,0,0,68.0,68.0,74.0,0,0,68.0,68.0,74.02024-04-20,0.0,0.0,0,0,68.0,68.0,75.0,0,0,68.0,68.0,75.0,0,0,68.0,68.0,75.0,0,0,68.0,68.0,75.0,0,0,68.0,68.0,75.0,0,0,68.0,68.0,74.0,0,0,68.0,68.0,74.0,0,0,68.0,68.0,74.0,0,0,68.0,68.0,74.0,0,0,68.0,68.0,74.0,0,0,68.0,68.0,73.0,0,0,68.0,68.0,73.0,0,0,68.0,68.0,73.0,0,0,68.0,68.0,73.0,0,0,68.0,68.0,73.0,0,0,68.0,68.0,72.0,0,0,68.0,68.0,72.0,0,0,68.0,68.0,72.0,0,0,68.0,68.0,73.0,0,0,68.0,68.0,73.0,0,0,68.0,68.0,73.0,0,0,68.0,68.0,73.0,0,0,68.0,68.0,73.0,0,0,68.0,68.0,73.02024-04-21,0.0,0.0,0,0,68.0,68.0,73.0,0,0,68.0,68.0,73.0,0,0,68.0,68.0,72.0,0,0,68.0,68.0,72.0,0,0,68.0,68.0,72.0,0,0,68.0,68.0,72.0,0,0,68.0,68.0,71.0,0,0,68.0,68.0,71.0,0,0,68.0,68.0,70.0,0,0,68.0,68.0,70.0,0,0,68.0,68.0,70.0,0,0,68.0,68.0,69.0,0,0,68.0,68.0,69.0,0,0,68.0,68.0,69.0,0,0,68.0,68.0,68.5,0,0,68.0,68.0,68.0,0,0,68.0,68.0,68.0,0,0,68.0,68.0,68.0,0,0,68.0,68.0,68.0,0,0,68.0,68.0,68.0,0,0,68.0,68.0,67.0,0,0,68.0,68.0,67.0,0,0,68.0,68.0,67.0,0,0,68.0,68.0,67.02024-04-22,0.0,0.0,0,0,68.0,68.0,67.0,0,0,68.0,68.0,66.0,0,0,68.0,68.0,66.0,0,0,68.0,68.0,66.0,0,0,68.0,68.0,66.0,0,0,68.0,68.0,65.5,0,0,68.0,68.0,65.0,0,0,68.0,68.0,65.0,0,0,68.0,68.0,65.0,0,0,68.0,68.0,65.0,0,0,68.0,68.0,64.0,0,0,68.0,68.0,64.0,0,0,68.0,68.0,64.0,0,0,68.0,68.0,64.0,0,0,68.0,68.0,64.0,0,0,68.0,68.0,64.0,0,0,68.0,68.0,64.0,0,0,68.0,68.0,64.0,0,0,68.0,68.0,64.0,0,0,68.0,68.0,64.25,0,0,68.0,68.0,65.0,0,0,68.0,68.0,65.0,0,0,68.0,68.0,65.0,0,0,68.0,68.0,65.02024-04-23,0.0,0.0,0,0,68.0,68.0,65.0,0,0,68.0,68.0,65.0,0,0,68.0,68.0,65.0,0,0,68.0,68.0,65.0,0,0,68.0,68.0,64.0,0,0,68.0,68.0,64.0,0,0,68.0,68.0,64.0,0,0,68.0,68.0,64.0,0,0,68.0,68.0,63.67,0,0,68.0,68.0,63.0,0,0,68.0,68.0,63.0,0,0,68.0,68.0,63.0,0,0,68.0,68.0,62.0,0,0,68.0,68.0,62.0,0,0,68.0,68.0,62.0,0,0,68.0,68.0,62.0,0,0,68.0,68.0,63.0,0,0,68.0,68.0,63.0,0,0,68.0,68.0,63.0,0,0,68.0,68.0,64.0,0,0,68.0,68.0,64.0,0,0,68.0,68.0,64.0,0,0,68.0,68.0,65.0,0,0,68.0,68.0,65.02024-04-24,0.0,0.0,0,0,68.0,68.0,65.0,0,0,68.0,68.0,65.0,0,0,68.0,68.0,65.0,0,0,68.0,68.0,65.0,0,0,68.0,68.0,65.0,0,0,68.0,68.0,65.0,0,0,68.0,68.0,65.0,0,0,68.0,68.0,65.0,0,0,68.0,68.0,65.0,0,0,68.0,68.0,65.0,0,0,68.0,68.0,65.0,0,0,68.0,68.0,65.0,0,0,68.0,68.0,65.0,0,0,68.0,68.0,65.0,0,0,68.0,68.0,64.0,0,0,68.0,68.0,64.0,0,0,68.0,68.0,64.5,0,0,68.0,68.0,65.0,0,0,68.0,68.0,65.0,0,0,68.0,68.0,65.0,0,0,68.0,68.0,66.0,0,0,68.0,68.0,66.0,0,0,68.0,68.0,66.0,0,0,68.0,68.0,67.02024-04-25,0.0,0.0,0,0,68.0,68.0,67.0,0,0,68.0,68.0,67.0,0,0,68.0,68.0,67.0,0,0,68.0,68.0,67.0,0,0,68.0,68.0,67.0,0,0,68.0,68.0,67.0,0,0,68.0,68.0,66.0,0,0,68.0,68.0,66.0,0,0,68.0,68.0,66.0,0,0,68.0,68.0,66.0,0,0,68.0,68.0,66.0,0,0,68.0,68.0,66.0,0,0,68.0,68.0,66.0,0,0,68.0,68.0,66.0,0,0,68.0,68.0,66.0,0,0,68.0,68.0,66.0,0,0,68.0,68.0,66.0,0,0,68.0,68.0,66.0,0,0,68.0,68.0,66.0,0,0,68.0,68.0,67.0,0,0,68.0,68.0,67.0,0,0,68.0,68.0,67.0,0,0,68.0,68.0,68.0,0,0,68.0,68.0,68.02024-04-26,0.0,0.0,0,0,68.0,68.0,68.0,0,0,68.0,68.0,68.0,0,0,68.0,68.0,68.0,0,0,68.0,68.0,68.0,0,0,68.0,68.0,68.0,0,0,68.0,68.0,68.0,0,0,68.0,68.0,68.0,0,0,68.0,68.0,68.0,0,0,68.0,68.0,68.0,0,0,68.0,68.0,67.0,0,0,68.0,68.0,67.0,0,0,68.0,68.0,67.0,0,0,68.0,68.0,67.0,0,0,68.0,68.0,67.0,0,0,68.0,68.0,67.0,0,0,68.0,68.0,67.0,0,0,68.0,68.0,67.0,0,0,68.0,68.0,67.0,0,0,68.0,68.0,67.0,0,0,68.0,68.0,67.0,0,0,68.0,68.0,67.0,0,0,68.0,68.0,68.0,0,0,68.0,68.0,68.0,0,0,68.0,68.0,68.02024-04-27,0.0,0.0,0,0,68.0,68.0,68.0,0,0,68.0,68.0,68.0,0,0,68.0,68.0,68.0,0,0,68.0,68.0,68.0,0,0,68.0,68.0,68.0,0,0,68.0,68.0,68.0,0,0,68.0,68.0,68.0,0,0,68.0,68.0,68.0,0,0,68.0,68.0,68.0,0,0,68.0,68.0,68.0,0,0,68.0,68.0,68.0,0,0,68.0,68.0,68.0,0,0,68.0,68.0,68.0,0,0,68.0,68.0,68.0,0,0,68.0,68.0,68.0,0,0,68.0,68.0,68.0,0,0,68.0,68.0,68.0,0,0,68.0,68.0,69.0,0,0,68.0,68.0,69.0,0,0,68.0,68.0,69.0,0,0,68.0,68.0,70.0,0,0,68.0,68.0,70.0,0,0,68.0,68.0,70.5,0,0,68.0,68.0,71.02024-04-28,0.0,0.0,0,0,68.0,68.0,71.0,0,0,68.0,68.0,71.0,0,0,68.0,68.0,71.0,0,0,68.0,68.0,71.0,0,0,68.0,68.0,71.0,0,0,68.0,68.0,70.5,0,0,68.0,68.0,70.0,0,0,68.0,68.0,70.0,0,0,68.0,68.0,70.0,0,0,68.0,68.0,70.0,0,0,68.0,68.0,70.0,0,0,68.0,68.0,70.0,0,0,68.0,68.0,69.0,0,0,68.0,68.0,69.0,0,0,68.0,68.0,69.0,0,0,68.0,68.0,70.0,0,0,68.0,68.0,70.0,0,0,68.0,68.0,70.0,0,0,68.0,68.0,70.67,0,0,68.0,68.0,71.0,0,0,68.0,68.0,71.0,0,0,68.0,68.0,72.0,0,0,68.0,68.0,72.0,0,0,68.0,68.0,72.02024-04-29,0.0,0.0,0,0,68.0,68.0,73.0,0,0,68.0,68.0,73.0,0,0,68.0,68.0,73.0,0,0,68.0,68.0,73.0,0,0,68.0,68.0,73.0,0,0,68.0,68.0,72.0,0,0,68.0,68.0,72.0,0,0,68.0,68.0,72.0,0,0,68.0,68.0,72.0,0,0,68.0,68.0,71.0,0,0,68.0,68.0,71.0,0,0,68.0,68.0,71.0,0,0,68.0,68.0,71.0,0,0,68.0,68.0,71.0,0,0,68.0,68.0,71.0,0,0,68.0,68.0,71.0,0,0,68.0,68.0,71.0,0,0,68.0,68.0,71.0,0,0,68.0,68.0,72.0,0,0,68.0,68.0,72.0,0,0,68.0,68.0,72.0,0,0,68.0,68.0,73.0,0,0,68.0,68.0,73.0,0,0,68.0,68.0,73.02024-04-30,0.0,0.0,0,0,68.0,68.0,73.0,0,0,68.0,68.0,73.0,0,0,68.0,68.0,73.0,0,0,68.0,68.0,73.0,0,0,68.0,68.0,73.0,0,0,68.0,68.0,73.0,0,0,68.0,68.0,73.0,0,0,68.0,68.0,72.0,0,0,68.0,68.0,72.0,0,0,68.0,68.0,72.0,0,0,68.0,68.0,72.0,0,0,68.0,68.0,72.0,0,0,68.0,68.0,72.0,0,0,68.0,68.0,71.0,0,0,68.0,68.0,71.0,0,0,68.0,68.0,71.0,0,0,68.0,68.0,71.0,0,0,68.0,68.0,71.0,0,0,68.0,68.0,71.0,0,0,68.0,68.0,72.0,0,0,68.0,68.0,72.0,0,0,68.0,68.0,72.0,0,0,68.0,68.0,73.0,0,0,68.0,68.0,73.02024-05-01,0.0,0.0,0,0,68.0,68.0,73.0,0,0,68.0,68.0,73.0,0,0,68.0,68.0,73.0,0,0,68.0,68.0,72.0,0,0,68.0,68.0,72.0,0,0,68.0,68.0,72.0,0,0,68.0,68.0,72.0,0,0,68.0,68.0,72.0,0,0,68.0,68.0,71.0,0,0,68.0,68.0,71.0,0,0,68.0,68.0,71.0,0,0,68.0,68.0,71.0,0,0,68.0,68.0,70.0,0,0,68.0,68.0,70.0,0,0,68.0,68.0,70.0,0,0,68.0,68.0,70.0,0,0,68.0,68.0,70.0,0,0,68.0,68.0,70.0,0,0,68.0,68.0,71.0,0,0,68.0,68.0,71.0,0,0,68.0,68.0,72.0,0,0,68.0,68.0,72.0,0,0,68.0,68.0,72.0,0,0,68.0,68.0,72.02024-05-02,0.0,0.0,0,0,68.0,68.0,72.0,0,0,68.0,68.0,72.0,0,0,68.0,68.0,72.0,0,0,68.0,68.0,72.0,0,0,68.0,68.0,72.0,0,0,68.0,68.0,72.0,0,0,68.0,68.0,72.0,0,0,68.0,68.0,72.0,0,0,68.0,68.0,71.0,0,0,68.0,68.0,71.0,0,0,68.0,68.0,71.0,0,0,68.0,68.0,71.0,0,0,68.0,68.0,70.0,0,0,68.0,68.0,70.0,0,0,68.0,68.0,70.0,0,0,68.0,68.0,70.0,0,0,68.0,68.0,71.0,0,0,68.0,68.0,71.0,0,0,68.0,68.0,72.0,0,0,68.0,68.0,72.0,0,0,68.0,68.0,73.0,0,0,68.0,68.0,73.0,0,0,68.0,68.0,74.0,0,0,68.0,68.0,74.02024-05-03,0.0,0.0,0,0,68.0,68.0,74.0,0,0,68.0,68.0,74.0,0,0,68.0,68.0,74.0,0,0,68.0,68.0,74.0,0,0,68.0,68.0,74.0,0,0,68.0,68.0,74.0,0,0,68.0,68.0,74.0,0,0,68.0,68.0,73.0,0,0,68.0,68.0,73.0,0,0,68.0,68.0,73.0,0,0,68.0,68.0,73.0,0,0,68.0,68.0,72.0,0,0,68.0,68.0,72.0,0,0,68.0,68.0,72.0,0,0,68.0,68.0,72.0,0,0,68.0,68.0,72.0,0,0,68.0,68.0,72.0,0,0,68.0,68.0,72.0,0,0,68.0,68.0,72.0,0,0,68.0,68.0,72.0,0,0,68.0,68.0,73.0,0,0,68.0,68.0,73.0,0,0,68.0,68.0,73.0,0,0,68.0,68.0,73.02024-05-04,0.0,0.0,0,0,68.0,68.0,73.0,0,0,68.0,68.0,73.0,0,0,68.0,68.0,73.0,0,0,68.0,68.0,73.0,0,0,68.0,68.0,73.0,0,0,68.0,68.0,72.0,0,0,68.0,68.0,72.0,0,0,68.0,68.0,72.0,0,0,68.0,68.0,72.0,0,0,68.0,68.0,72.0,0,0,68.0,68.0,72.0,0,0,68.0,68.0,72.0,0,0,68.0,68.0,72.0,0,0,68.0,68.0,71.0,0,0,68.0,68.0,71.0,0,0,68.0,68.0,71.0,0,0,68.0,68.0,71.0,0,0,68.0,68.0,71.0,0,0,68.0,68.0,71.0,0,0,68.0,68.0,72.0,0,0,68.0,68.0,72.0,0,0,68.0,68.0,72.0,0,0,68.0,68.0,73.0,0,0,68.0,68.0,73.02024-05-05,0.0,0.0,0,0,68.0,68.0,73.0,0,0,68.0,68.0,73.0,0,0,68.0,68.0,73.0,0,0,68.0,68.0,73.0,0,0,68.0,68.0,73.0,0,0,68.0,68.0,73.0,0,0,68.0,68.0,73.0,0,0,68.0,68.0,72.0,0,0,68.0,68.0,72.0,0,0,68.0,68.0,72.0,0,0,68.0,68.0,72.0,0,0,68.0,68.0,72.0,0,0,68.0,68.0,72.0,0,0,68.0,68.0,72.0,0,0,68.0,68.0,72.0,0,0,68.0,68.0,72.0,0,0,68.0,68.0,72.0,0,0,68.0,68.0,73.0,0,0,68.0,68.0,73.0,0,0,68.0,68.0,73.0,0,0,68.0,68.0,73.0,0,0,68.0,68.0,73.33,0,0,68.0,68.0,74.0,0,0,68.0,68.0,74.02024-05-06,0.0,0.0,0,0,68.0,68.0,74.0,0,0,68.0,68.0,74.0,0,0,68.0,68.0,74.0,0,0,68.0,68.0,74.0,0,0,68.0,68.0,74.0,0,0,68.0,68.0,74.0,0,0,68.0,68.0,74.0,0,0,68.0,68.0,74.0,0,0,68.0,68.0,74.0,0,0,68.0,68.0,73.0,0,0,68.0,68.0,73.0,0,0,68.0,68.0,73.0,0,0,68.0,68.0,73.0,0,0,68.0,68.0,73.0,0,0,68.0,68.0,73.0,0,0,68.0,68.0,73.0,0,0,68.0,68.0,73.0,0,0,68.0,68.0,73.0,0,0,68.0,68.0,73.5,0,0,68.0,68.0,74.0,0,0,68.0,68.0,74.0,0,0,68.0,68.0,74.0,0,0,68.0,68.0,75.0,0,0,68.0,68.0,75.02024-05-07,0.0,0.0,0,0,68.0,68.0,75.0,0,0,68.0,68.0,75.0,0,0,68.0,68.0,75.0,0,0,68.0,68.0,75.0,0,0,68.0,68.0,75.0,0,0,68.0,68.0,75.0,0,0,68.0,68.0,74.0,0,0,68.0,68.0,74.0,0,0,68.0,68.0,74.0,0,0,68.0,68.0,74.0,0,0,68.0,68.0,74.0,0,0,68.0,68.0,74.0,0,0,68.0,68.0,74.0,0,0,68.0,68.0,73.0,0,0,68.0,68.0,73.0,0,0,68.0,68.0,74.0,0,0,68.0,68.0,74.0,0,0,68.0,68.0,75.0,0,0,68.0,68.0,75.0,0,0,68.0,68.0,75.0,0,0,68.0,68.0,76.0,0,0,68.0,68.0,76.0,0,0,68.0,68.0,77.0,0,0,68.0,68.0,77.02024-05-08,0.0,0.0,0,0,68.0,68.0,77.0,0,0,68.0,68.0,77.0,0,0,68.0,68.0,77.0,0,0,68.0,68.0,77.0,0,0,68.0,68.0,77.0,0,0,68.0,68.0,77.0,0,0,68.0,68.0,77.0,0,0,68.0,68.0,76.0,0,0,68.0,68.0,76.0,0,0,68.0,68.0,76.0,0,0,68.0,68.0,76.0,0,0,68.0,68.0,76.0,0,0,68.0,68.0,76.0,0,0,68.0,68.0,76.0,0,0,68.0,68.0,76.0,0,0,68.0,68.0,76.0,0,0,68.0,68.0,76.0,0,0,68.0,68.0,76.0,0,0,68.0,68.0,77.0,0,0,68.0,68.0,77.0,0,0,68.0,68.0,77.0,0,0,68.0,68.0,77.0,0,0,68.0,68.0,77.0,0,0,68.0,68.0,77.02024-05-09,0.0,0.0,0,0,68.0,68.0,77.0,0,0,68.0,68.0,77.0,0,0,68.0,68.0,77.0,0,0,68.0,68.0,77.0,0,0,68.0,68.0,77.0,0,0,68.0,68.0,77.0,0,0,68.0,68.0,77.0,0,0,68.0,68.0,77.0,0,0,68.0,68.0,77.0,0,0,68.0,68.0,77.0,0,0,68.0,68.0,77.0,0,0,68.0,68.0,77.0,0,0,68.0,68.0,77.0,0,0,68.0,68.0,77.0,0,0,68.0,68.0,77.0,0,0,68.0,68.0,77.0,0,0,68.0,68.0,77.0,0,0,68.0,68.0,77.0,0,0,68.0,68.0,77.0,0,0,68.0,68.0,77.0,0,0,68.0,68.0,77.0,0,0,68.0,68.0,77.0,0,0,68.0,68.0,77.0,0,0,68.0,68.0,77.02024-05-10,0.0,0.0,0,0,68.0,68.0,77.0,0,0,68.0,68.0,77.0,0,0,68.0,68.0,77.0,0,0,68.0,68.0,77.0,0,0,68.0,68.0,77.0,0,0,68.0,68.0,77.0,0,0,68.0,68.0,77.0,0,0,68.0,68.0,77.0,0,0,68.0,68.0,77.0,0,0,68.0,68.0,77.0,0,0,68.0,68.0,77.0,0,0,68.0,68.0,77.0,0,0,68.0,68.0,77.0,0,0,68.0,68.0,77.0,0,0,68.0,68.0,77.0,0,0,68.0,68.0,77.0,0,0,68.0,68.0,77.0,0,0,68.0,68.0,77.0,0,0,68.0,68.0,77.0,0,0,68.0,68.0,77.0,0,0,68.0,68.0,77.0,0,0,68.0,68.0,76.0,0,0,68.0,68.0,75.0,0,0,68.0,68.0,75.02024-05-11,0.0,0.0,0,0,68.0,68.0,74.0,0,0,68.0,68.0,74.0,0,0,68.0,68.0,74.0,0,0,68.0,68.0,74.0,0,0,68.0,68.0,74.0,0,0,68.0,68.0,73.0,0,0,68.0,68.0,73.0,0,0,68.0,68.0,73.0,0,0,68.0,68.0,72.47,0,0,68.0,68.0,72.0,0,0,68.0,68.0,71.67,0,0,68.0,68.0,71.0,0,0,68.0,68.0,71.0,0,0,68.0,68.0,71.0,0,0,68.0,68.0,71.0,0,0,68.0,68.0,70.0,0,0,68.0,68.0,71.0,0,0,68.0,68.0,71.0,0,0,68.0,68.0,71.0,0,0,68.0,68.0,71.0,0,0,68.0,68.0,71.2,0,0,68.0,68.0,72.0,0,0,68.0,68.0,72.0,0,0,68.0,68.0,72.02024-05-12,0.0,0.0,0,0,68.0,68.0,72.0,0,0,68.0,68.0,72.0,0,0,68.0,68.0,72.0,0,0,68.0,68.0,72.0,0,0,68.0,68.0,72.0,0,0,68.0,68.0,72.0,0,0,68.0,68.0,72.0,0,0,68.0,68.0,71.0,0,0,68.0,68.0,71.0,0,0,68.0,68.0,71.0,0,0,68.0,68.0,70.0,0,0,68.0,68.0,70.0,0,0,68.0,68.0,70.0,0,0,68.0,68.0,70.0,0,0,68.0,68.0,70.0,0,0,68.0,68.0,70.0,0,0,68.0,68.0,70.0,0,0,68.0,68.0,70.0,0,0,68.0,68.0,71.0,0,0,68.0,68.0,71.0,0,0,68.0,68.0,71.0,0,0,68.0,68.0,71.0,0,0,68.0,68.0,72.0,0,0,68.0,68.0,72.02024-05-13,0.0,1.17,0,0,68.0,68.0,72.0,0,0,68.0,68.0,72.0,0,0,68.0,68.0,72.0,0,0,68.0,68.0,72.0,0,0,68.0,68.0,72.0,0,0,68.0,68.0,72.0,0,0,68.0,68.0,71.0,0,0,68.0,68.0,71.0,0,0,68.0,68.0,71.0,0,0,68.0,68.0,71.0,0,0,68.0,68.0,70.0,0,0,68.0,68.0,70.0,0,0,68.0,68.0,70.0,0,0,68.0,68.0,70.0,0,0,68.0,68.0,69.5,0,0,68.0,68.0,69.0,0,0,68.0,68.0,69.0,0,0,68.0,68.0,69.0,0,0,68.0,68.0,69.0,0,0,68.0,68.0,69.0,0,0,68.0,68.0,69.0,0,0,68.0,68.0,57.5,0,0,74.0,74.0,62.1,0,0,74.0,74.0,69.02024-05-14,0.0,0.0,0,0,74.0,74.0,69.0,0,0,74.0,74.0,69.0,0,0,74.0,74.0,69.0,0,0,74.0,74.0,69.0,0,0,74.0,74.0,69.0,0,0,74.0,74.0,69.0,0,0,74.0,74.0,69.0,0,0,74.0,74.0,69.0,0,0,74.0,74.0,69.0,0,0,74.0,74.0,69.0,0,0,74.0,74.0,69.0,0,0,74.0,74.0,69.0,0,0,74.0,74.0,69.0,0,0,74.0,74.0,69.0,0,0,74.0,74.0,69.0,0,0,74.0,74.0,69.0,0,0,74.0,74.0,69.0,0,0,74.0,74.0,69.0,0,0,74.0,74.0,69.0,0,0,74.0,74.0,70.0,0,0,74.0,74.0,70.0,0,0,74.0,74.0,70.0,0,0,74.0,74.0,70.0,0,0,74.0,74.0,70.02024-05-15,0.0,47.02,0,0,74.0,74.0,70.0,0,0,74.0,74.0,70.0,0,0,74.0,74.0,70.0,0,0,74.0,74.0,70.0,0,0,74.0,74.0,70.0,0,0,74.0,74.0,70.0,0,0,74.0,74.0,70.0,0,0,74.0,74.0,70.0,0,0,74.0,74.0,70.0,0,0,74.0,74.0,70.0,0,0,74.0,74.0,70.0,0,0,74.0,74.0,35.0,0,0,68.0,68.0,58.5,0,0,68.0,68.0,65.25,0,0,68.0,68.0,68.0,0,0,68.0,68.0,69.0,0,0,68.0,68.0,70.0,0,0,68.0,68.0,70.0,0,0,68.0,68.0,70.0,0,0,68.0,68.0,69.5,0,0,68.0,68.0,69.0,0,0,68.0,68.0,68.5,0,0,68.0,68.0,68.0,0,0,68.0,68.0,68.02024-05-16,0.0,122.85,0,0,68.0,68.0,68.0,0,0,68.0,68.0,68.0,0,0,68.0,68.0,68.0,0,0,68.0,68.0,67.0,0,0,68.0,68.0,67.0,0,0,68.0,68.0,67.0,0,0,68.0,68.0,67.0,0,0,68.0,68.0,67.0,0,0,68.0,68.0,66.5,0,0,68.0,68.0,66.0,0,0,68.0,68.0,44.0,0,0,68.0,68.0,66.0,0,0,68.0,68.0,67.0,0,0,68.0,68.0,67.0,0,0,68.0,68.0,67.0,0,0,68.0,68.0,67.5,0,0,68.0,68.0,68.0,0,0,68.0,68.0,69.0,0,0,68.0,68.0,70.0,0,0,68.0,68.0,70.0,0,0,68.0,68.0,71.0,0,0,68.0,68.0,71.0,0,0,68.0,68.0,71.5,0,0,68.0,68.0,72.02024-05-17,0.0,122.87,0,0,68.0,68.0,72.0,0,0,68.0,68.0,72.0,0,0,68.0,68.0,72.0,0,0,68.0,68.0,72.0,0,0,68.0,68.0,72.0,0,0,68.0,68.0,72.0,0,0,68.0,68.0,72.0,0,0,68.0,68.0,71.0,0,0,68.0,68.0,69.86,0,0,68.0,68.0,68.5,0,0,68.0,68.0,45.33,0,0,68.0,68.0,68.0,0,0,68.0,68.0,68.0,0,0,68.0,68.0,68.0,0,0,68.0,68.0,68.0,0,0,68.0,68.0,69.0,0,0,68.0,68.0,69.0,0,0,68.0,68.0,69.0,0,0,68.0,68.0,70.0,0,0,68.0,68.0,70.0,0,0,68.0,68.0,70.0,0,0,68.0,68.0,70.0,0,0,68.0,68.0,70.0,0,0,68.0,68.0,70.672024-05-18,0.0,122.88,0,0,68.0,68.0,71.0,0,0,68.0,68.0,71.0,0,0,68.0,68.0,71.0,0,0,68.0,68.0,71.0,0,0,68.0,68.0,71.0,0,0,68.0,68.0,71.0,0,0,68.0,68.0,70.0,0,0,68.0,68.0,70.0,0,0,68.0,68.0,69.5,0,0,68.0,68.0,68.0,0,0,68.0,68.0,50.5,0,0,68.0,68.0,68.0,0,0,68.0,68.0,68.0,0,0,68.0,68.0,69.0,0,0,68.0,68.0,69.0,0,0,68.0,68.0,69.0,0,0,68.0,68.0,70.0,0,0,68.0,68.0,71.0,0,0,68.0,68.0,71.0,0,0,68.0,68.0,71.67,0,0,68.0,68.0,72.0,0,0,68.0,68.0,72.5,0,0,68.0,68.0,73.0,0,0,68.0,68.0,73.02024-05-19,0.0,122.95,0,0,68.0,68.0,73.0,0,0,68.0,68.0,73.0,0,0,68.0,68.0,73.0,0,0,68.0,68.0,72.5,0,0,68.0,68.0,72.0,0,0,68.0,68.0,72.0,0,0,68.0,68.0,72.0,0,0,68.0,68.0,72.0,0,0,68.0,68.0,71.0,0,0,68.0,68.0,69.33,0,0,68.0,68.0,51.25,0,0,68.0,68.0,69.0,0,0,68.0,68.0,69.0,0,0,68.0,68.0,69.0,0,0,68.0,68.0,69.0,0,0,68.0,68.0,69.0,0,0,68.0,68.0,70.0,0,0,68.0,68.0,70.0,0,0,68.0,68.0,71.0,0,0,68.0,68.0,71.0,0,0,68.0,68.0,72.0,0,0,68.0,68.0,72.0,0,0,68.0,68.0,72.0,0,0,68.0,68.0,73.02024-05-20,0.0,122.78,0,0,68.0,68.0,73.0,0,0,68.0,68.0,73.0,0,0,68.0,68.0,73.0,0,0,68.0,68.0,73.0,0,0,68.0,68.0,73.0,0,0,68.0,68.0,73.0,0,0,68.0,68.0,72.0,0,0,68.0,68.0,72.0,0,0,68.0,68.0,71.4,0,0,68.0,68.0,69.0,0,0,68.0,68.0,54.8,0,0,68.0,68.0,69.0,0,0,68.0,68.0,69.0,0,0,68.0,68.0,69.0,0,0,68.0,68.0,69.0,0,0,68.0,68.0,70.0,0,0,68.0,68.0,70.0,0,0,68.0,68.0,71.0,0,0,68.0,68.0,72.0,0,0,68.0,68.0,72.0,0,0,68.0,68.0,73.0,0,0,68.0,68.0,73.0,0,0,68.0,68.0,74.0,0,0,68.0,68.0,74.02024-05-21,0.0,56.45,0,0,68.0,68.0,75.0,0,0,68.0,68.0,75.0,0,0,68.0,68.0,75.0,0,0,68.0,68.0,74.0,0,0,68.0,68.0,74.0,0,0,68.0,68.0,74.0,0,0,68.0,68.0,74.0,0,0,68.0,68.0,74.0,0,0,68.0,68.0,73.2,0,0,68.0,68.0,71.86,0,0,68.0,68.0,52.5,0,0,68.0,68.0,70.0,0,0,68.0,68.0,71.0,0,0,68.0,68.0,71.0,0,0,68.0,68.0,47.33,0,0,68.0,68.0,71.5,0,0,68.0,68.0,72.0,0,0,68.0,68.0,72.33,0,0,68.0,68.0,74.0,0,0,68.0,68.0,74.0,0,0,68.0,68.0,75.0,0,0,68.0,68.0,75.0,0,0,68.0,68.0,76.0,0,0,68.0,68.0,76.02024-05-22,0.0,76.6,0,0,68.0,68.0,76.0,0,0,68.0,68.0,76.0,0,0,68.0,68.0,76.0,0,0,68.0,68.0,76.0,0,0,68.0,68.0,76.0,0,0,68.0,68.0,76.0,0,0,68.0,68.0,75.0,0,0,68.0,68.0,75.0,0,0,68.0,68.0,73.4,0,0,68.0,68.0,71.25,0,0,68.0,68.0,54.0,0,0,68.0,68.0,72.0,0,0,68.0,68.0,72.0,0,0,68.0,68.0,72.0,0,0,68.0,68.0,72.0,0,0,68.0,68.0,73.0,0,0,68.0,68.0,73.0,0,0,68.0,68.0,74.0,0,0,68.0,68.0,74.33,0,0,68.0,68.0,75.0,0,0,68.0,68.0,76.0,0,0,68.0,68.0,76.0,0,0,68.0,68.0,77.0,0,0,68.0,68.0,77.02024-05-23,0.0,154.03,0,0,68.0,68.0,77.0,0,0,68.0,68.0,77.0,0,0,68.0,68.0,77.0,0,0,68.0,68.0,77.0,0,0,68.0,68.0,77.0,0,0,68.0,68.0,77.0,0,0,68.0,68.0,77.0,0,0,68.0,68.0,77.0,0,0,68.0,68.0,75.5,0,0,68.0,68.0,72.5,0,0,68.0,68.0,47.33,0,0,68.0,68.0,72.0,0,0,68.0,68.0,72.0,0,0,68.0,68.0,73.0,0,0,68.0,68.0,73.0,0,0,68.0,68.0,73.0,0,0,68.0,68.0,74.0,0,0,68.0,68.0,74.0,0,0,68.0,68.0,74.0,0,0,68.0,68.0,75.0,0,0,68.0,68.0,75.0,0,0,68.0,68.0,75.67,0,0,68.0,68.0,76.0,0,0,68.0,68.0,76.02024-05-24,0.0,764.48,0,0,68.0,68.0,77.0,0,0,68.0,68.0,77.0,0,0,68.0,68.0,77.0,0,0,68.0,68.0,77.0,0,0,68.0,68.0,76.5,0,0,68.0,68.0,76.0,0,0,68.0,68.0,76.0,0,0,68.0,68.0,76.0,0,0,68.0,68.0,74.8,0,0,68.0,68.0,71.25,0,0,68.0,68.0,48.0,0,0,68.0,68.0,24.0,0,0,68.0,68.0,72.0,0,0,68.0,68.0,72.5,0,0,68.0,68.0,73.0,0,0,68.0,68.0,72.0,0,0,68.0,68.0,71.0,0,0,68.0,68.0,71.0,0,0,68.0,68.0,71.0,0,0,68.0,68.0,71.0,0,0,68.0,68.0,71.0,0,0,68.0,68.0,71.0,0,0,68.0,68.0,71.0,0,0,68.0,68.0,71.02024-05-25,0.0,228.0,0,0,68.0,68.0,71.0,0,0,68.0,68.0,70.0,0,0,68.0,68.0,70.0,0,0,68.0,68.0,70.0,0,0,68.0,68.0,69.0,0,0,68.0,68.0,70.0,0,0,68.0,68.0,71.0,0,0,68.0,68.0,71.0,0,0,68.0,68.0,70.2,0,0,68.0,68.0,69.0,0,0,68.0,68.0,35.0,0,0,68.0,68.0,70.0,0,0,68.0,68.0,70.0,0,0,68.0,68.0,70.0,0,0,68.0,68.0,70.0,0,0,68.0,68.0,70.0,0,0,68.0,68.0,71.0,0,0,68.0,68.0,71.0,0,0,68.0,68.0,71.0,0,0,68.0,68.0,72.0,0,0,68.0,68.0,72.0,0,0,68.0,68.0,72.33,0,0,68.0,68.0,73.0,0,0,68.0,68.0,73.02024-05-26,0.0,137.03,0,0,68.0,68.0,73.0,0,0,68.0,68.0,73.0,0,0,68.0,68.0,73.0,0,0,68.0,68.0,73.0,0,0,68.0,68.0,73.0,0,0,68.0,68.0,73.0,0,0,68.0,68.0,73.0,0,0,67.0,67.0,72.2,0,0,66.0,66.0,50.0,0,0,66.0,66.0,69.67,0,0,66.0,66.0,41.4,0,0,66.0,66.0,69.0,0,0,66.0,66.0,70.0,0,0,66.0,66.0,70.0,0,0,66.0,66.0,70.5,0,0,66.0,66.0,71.0,0,0,66.0,66.0,72.0,0,0,66.0,66.0,72.0,0,0,66.0,66.0,73.0,0,0,66.0,66.0,73.33,0,0,66.0,66.0,74.0,0,0,66.0,66.0,75.0,0,0,66.0,66.0,75.0,0,0,66.0,66.0,75.02024-05-27,0.0,219.28,0,0,66.0,66.0,75.0,0,0,66.0,66.0,75.0,0,0,66.0,66.0,75.0,0,0,66.0,66.0,75.0,0,0,66.0,66.0,75.0,0,0,66.0,66.0,75.0,0,0,66.0,66.0,74.0,0,0,66.0,66.0,0.0,0,0,66.0,66.0,62.14,0,0,66.0,66.0,70.83,0,0,66.0,66.0,23.33,0,0,66.0,66.0,69.5,0,0,66.0,66.0,70.0,0,0,66.0,66.0,70.0,0,0,66.0,66.0,70.0,0,0,66.0,66.0,70.0,0,0,66.0,66.0,71.0,0,0,66.0,66.0,71.0,0,0,66.0,66.0,72.0,0,0,66.0,66.0,72.0,0,0,66.0,66.0,73.0,0,0,66.0,66.0,73.0,0,0,66.0,66.0,73.0,0,0,66.0,66.0,73.02024-05-28,0.0,120.13,0,0,66.0,66.0,73.5,0,0,66.0,66.0,74.0,0,0,66.0,66.0,73.33,0,0,66.0,66.0,73.0,0,0,66.0,66.0,73.0,0,0,66.0,66.0,73.0,0,0,66.0,66.0,73.0,0,0,66.0,66.0,36.5,0,0,66.0,66.0,53.75,0,0,66.0,66.0,70.0,0,0,66.0,66.0,41.4,0,0,66.0,66.0,69.5,0,0,66.0,66.0,70.0,0,0,66.0,66.0,70.0,0,0,66.0,66.0,71.0,0,0,66.0,66.0,71.0,0,0,66.0,66.0,71.0,0,0,66.0,66.0,72.0,0,0,66.0,66.0,72.5,0,0,66.0,66.0,73.0,0,0,66.0,66.0,74.0,0,0,66.0,66.0,74.0,0,0,66.0,66.0,74.0,0,0,66.0,66.0,74.02024-05-29,0.0,119.98,0,0,66.0,66.0,75.0,0,0,66.0,66.0,75.0,0,0,66.0,66.0,74.0,0,0,66.0,66.0,74.0,0,0,66.0,66.0,74.0,0,0,66.0,66.0,74.0,0,0,66.0,66.0,73.0,0,0,66.0,66.0,73.0,0,0,66.0,66.0,48.0,0,0,66.0,66.0,70.0,0,0,66.0,66.0,46.17,0,0,66.0,66.0,70.0,0,0,66.0,66.0,70.0,0,0,66.0,66.0,70.0,0,0,66.0,66.0,70.0,0,0,66.0,66.0,71.0,0,0,66.0,66.0,71.0,0,0,66.0,66.0,71.0,0,0,66.0,66.0,72.0,0,0,66.0,66.0,72.0,0,0,66.0,66.0,73.0,0,0,66.0,66.0,73.0,0,0,66.0,66.0,74.0,0,0,66.0,66.0,74.02024-05-30,0.0,120.13,0,0,66.0,66.0,74.0,0,0,66.0,66.0,74.0,0,0,66.0,66.0,74.0,0,0,66.0,66.0,74.0,0,0,66.0,66.0,73.5,0,0,66.0,66.0,73.0,0,0,66.0,66.0,73.0,0,0,66.0,66.0,0.0,0,0,66.0,66.0,56.4,0,0,66.0,66.0,67.67,0,0,66.0,66.0,45.17,0,0,66.0,66.0,69.0,0,0,66.0,66.0,69.0,0,0,66.0,66.0,70.0,0,0,66.0,66.0,70.0,0,0,66.0,66.0,70.0,0,0,66.0,66.0,70.0,0,0,66.0,66.0,70.5,0,0,66.0,66.0,71.0,0,0,66.0,66.0,71.67,0,0,66.0,66.0,72.0,0,0,66.0,66.0,72.5,0,0,66.0,66.0,73.0,0,0,66.0,66.0,73.02024-05-31,0.0,0.0,0,0,66.0,66.0,73.0,0,0,66.0,66.0,73.0,0,0,66.0,66.0,73.0,0,0,66.0,66.0,73.0,0,0,66.0,66.0,73.0,0,0,66.0,66.0,72.0,0,0,66.0,66.0,72.0,0,0,66.0,66.0,72.0,0,0,66.0,66.0,46.5,0,0,66.0,66.0,67.5,0,0,66.0,66.0,44.5,0,0,66.0,66.0,68.0,0,0,66.0,66.0,68.0,0,0,66.0,66.0,69.0,0,0,66.0,66.0,69.0,0,0,66.0,66.0,69.0,0,0,66.0,66.0,70.0,0,0,66.0,66.0,70.0,0,0,66.0,66.0,71.0,0,0,66.0,66.0,71.0,0,0,66.0,66.0,72.0,0,0,66.0,66.0,72.0,0,0,66.0,66.0,73.0,0,0,66.0,66.0,73.0